list(MSE_matrix = structure(c(0.272732813009425, 0.275059320924172, 
0.244665758514765, 0.251770323367876, 0.261564843586082, 0.237883832801441, 
0.272919942909932, 0.250055680095397, 0.228733339468336, 0.235573365578299, 
0.254591979240596, 0.235048243073892, 0.25184089736866, 0.268325006412828, 
0.250619072670776, 0.26170918673911, 0.284226886675398, 0.251344602477353, 
0.244337109305522, 0.262066343467448, 0.268658558421582, 0.265792033670139, 
0.241338829453219, 0.269941804048443, 0.247472277041546, 0.23219377843191, 
0.278110467839805, 0.254520289142424, 0.27073736552187, 0.253285984702483, 
0.23907594216345, 0.255511371275792, 0.246942309295112, 0.24888348900908, 
0.27378538026775, 0.251623147912702, 0.243314795503797, 0.262460163093936, 
0.241609327215716, 0.235574668698393, 0.259851941816318, 0.261200235035715, 
0.229548778896966, 0.238690933081931, 0.256867549785836, 0.238774000839434, 
0.238885606524355, 0.220247840337698, 0.244970864497906, 0.267098537170085, 
0.238053496397258, 0.255663710954653, 0.23458939817047, 0.268017926904065, 
0.25061907506105, 0.23557263712233, 0.264834572695245, 0.248323398856429, 
0.254546101229533, 0.24002889948445, 0.254471379008204, 0.260681550295761, 
0.22953267301084, 0.260592125038406, 0.251351503409192, 0.23042640851881, 
0.259117362399267, 0.246708988096384, 0.251201744471154, 0.246804215237534, 
0.253190375647938, 0.24537814931147, 0.277015413255752, 0.238578061773669, 
0.246013908881888, 0.254094841545659, 0.246713053849475, 0.250704869663447, 
0.259185974766544, 0.259781860342652, 0.244976846642138, 0.258058640969235, 
0.256120358154348, 0.256275125188792, 0.249761497154722, 0.255947289147021, 
0.238269022933085, 0.249236285981252, 0.249126198964666, 0.263122567385142, 
0.250499980256492, 0.262616763973777, 0.238486746424475, 0.289474655173059, 
0.266126392838448, 0.256367175185072, 0.273759135044755, 0.256687751911984, 
0.232318155133405, 0.239090624424816, 0.232956518055865, 0.23572685699697, 
0.25818741513455, 0.245203826104565, 0.251908795762994, 0.24310454490644, 
0.273851399405483, 0.246719877811092, 0.240657844267613, 0.243415141385842, 
0.247695835606864, 0.253482836289513, 0.244146232351051, 0.253830026720691, 
0.253297329862482, 0.254988399106127, 0.269957016116749, 0.259827386051668, 
0.247976068199957, 0.275693091663678, 0.240392009520576, 0.23661639325752, 
0.252554379813164, 0.28489769940353, 0.232692018698947, 0.23656600686741, 
0.259385849783615, 0.234969970827847, 0.255449411031843, 0.235390108385185, 
0.244491825395247, 0.236554940908915, 0.238855797529824, 0.247753853328369, 
0.252402631310895, 0.234994334266832, 0.237951219317903, 0.250141841857438, 
0.25457636868599, 0.228052530840605, 0.252319059865484, 0.26530690824863, 
0.253118301346103, 0.2557601387633, 0.252601514645879, 0.233340377253475, 
0.251177824586182, 0.252025929562378, 0.242819803558522, 0.229342710178696, 
0.233861378608413, 0.250087334669731, 0.237815016574847, 0.236471155216707, 
0.239276802709875, 0.240509507935059, 0.262225307724337, 0.267556516742156, 
0.253062026331744, 0.24325418965207, 0.229493049854077, 0.2437010889814, 
0.230323762226324, 0.246777934695269, 0.221839352827517, 0.238629678908536, 
0.242772679450618, 0.249379934646764, 0.233428621263985, 0.247092420755702, 
0.232613273062583, 0.248862276218899, 0.245929641130411, 0.239480695509941, 
0.239512133316697, 0.23735027659048, 0.247122893677739, 0.259559679922034, 
0.263471251080292, 0.235465327654622, 0.244518837284511, 0.260667357548357, 
0.253364884264222, 0.248517580792763, 0.245854080603612, 0.257034898957307, 
0.252108050732555, 0.236019495771603, 0.246807185031839, 0.231522236466932, 
0.239258727584869, 0.248211371951585, 0.2538997423826, 0.259765725167095, 
0.284537759251179, 0.249871601919174, 0.309843067730702, 0.23686205261048, 
0.239823377216757, 0.252322143907993, 0.236333221962141, 0.234389819780287, 
0.252411892081998, 0.254785622151786, 0.241951255674302, 0.247273599195002, 
0.257692897116587, 0.255448343349993, 0.259284231883534, 0.239267069985252, 
0.24988916850858, 0.236694208755958, 0.240976917089003, 0.243931524135609, 
0.246469088587786, 0.256858988935609, 0.264710701049148, 0.243307290927175, 
0.253702917609038, 0.2445459934778, 0.253997241055451, 0.258663534176721, 
0.255286567924523, 0.257218369103216, 0.244956464889793, 0.23312052370122, 
0.282068916597689, 0.243762721419839, 0.253908756425166, 0.262180908731167, 
0.254550381735972, 0.23758860755685, 0.242759347536617, 0.246650874150145, 
0.245988014908309, 0.24450849890729, 0.238051372345172, 0.251049124520707, 
0.246680842174601, 0.242939994797305, 0.246671289612447, 0.258346665830918, 
0.259100555657086, 0.252761831780814, 0.246028753715469, 0.245612447578944, 
0.265456525154501, 0.235754649769979, 0.239669386395578, 0.242875070928303, 
0.234213177645379, 0.246799697016308, 0.2379641883603, 0.246290990151127, 
0.256055926803034, 0.243472700571154, 0.242768455022592, 0.24524653279076, 
0.268926259535345, 0.2361320917872, 0.242957057184171, 0.248244734063222, 
0.224657708130214, 0.244366984854113, 0.238728273289802, 0.236778995680292, 
0.252371704566061, 0.238628393161516, 0.248572251193756, 0.265029856441183, 
0.248405653004614, 0.251561253395185, 0.252413242412526, 0.245181492439447, 
0.23838276235159, 0.246490980854599, 0.239948960001106, 0.25398589710917, 
0.272731834471939, 0.244655020523794, 0.24384868444728, 0.252969702209397, 
0.248177294692427, 0.246047739062734, 0.241192416129449, 0.258928911135745, 
0.24023945297048, 0.234294138334661, 0.255729916660791, 0.240560943656819, 
0.240448908080316, 0.263180234052108, 0.239559853843896, 0.261262985720175, 
0.247254926509652, 0.261945146311217, 0.266015222114887, 0.249055035355329, 
0.227480214326014, 0.245154974719105), dim = c(100L, 3L)),