list(MSE_matrix = structure(c(0.251472714454523, 0.254337236774093, 
0.242341102200639, 0.243631597918586, 0.263371343891034, 0.270646579938261, 
0.250874274152209, 0.25769557540123, 0.232939079401819, 0.228563614411225, 
0.266477157142278, 0.275733971452262, 0.258008258769723, 0.252360808643762, 
0.251753323928647, 0.259676702007438, 0.265780142114017, 0.244791185057241, 
0.258898795067358, 0.253760040188331, 0.260965200914891, 0.266200592461965, 
0.233244236815637, 0.256173140065388, 0.25567936836395, 0.26157937823743, 
0.230330433453707, 0.256667968630313, 0.249670124459071, 0.227536539802838, 
0.250169284927733, 0.273038096263764, 0.294376146590288, 0.265256690569411, 
0.245958298421054, 0.240263958402749, 0.22899777710277, 0.281883221672322, 
0.239801730962926, 0.240288309850148, 0.268792110539908, 0.254544740881793, 
0.25066797679613, 0.268797617521647, 0.237290983724671, 0.253037771860235, 
0.2439667335304, 0.276838173634167, 0.234215312623251, 0.256239077647585, 
0.256296871036427, 0.278473011552291, 0.253844135263827, 0.249366740854963, 
0.30283243348997, 0.229303184870371, 0.237563700491202, 0.261223520760104, 
0.241789682241231, 0.290835181839159, 0.284888300011969, 0.251105208397734, 
0.248086114347323, 0.260421319958298, 0.263177470400739, 0.232054337295446, 
0.234603800418686, 0.222078415663043, 0.254834268093559, 0.262595441437605, 
0.31157719196306, 0.257419563496753, 0.256936508975921, 0.243977125580312, 
0.256935494481032, 0.243226493494408, 0.270801374898007, 0.249318721899708, 
0.242733053449004, 0.232362220473623, 0.249623278033671, 0.24908386913127, 
0.243906029557188, 0.241288749162987, 0.233749820833297, 0.251033963155121, 
0.2509847840707, 0.273889281661807, 0.239495725891407, 0.27272916905909, 
0.28997964358999, 0.253951077071009, 0.245010810189739, 0.23558600122285, 
0.241982780879649, 0.280975990269084, 0.269278586357269, 0.259898139885028, 
0.259257520715272, 0.232104211820002, 0.236021292074695, 0.241185826119933, 
0.24283124014358, 0.228716458601852, 0.243069242647975, 0.276980765846868, 
0.241414071115984, 0.260193132732979, 0.235244609229678, 0.227946719345659, 
0.242619373476526, 0.241901790442161, 0.247682229139091, 0.246917638899214, 
0.238334444730312, 0.251038703869925, 0.237918039930934, 0.246463457934139, 
0.255244853105741, 0.244920553094524, 0.244269202929573, 0.250337763779408, 
0.23517139746344, 0.243349154670494, 0.249076922044499, 0.256334893156811, 
0.240860279183405, 0.25540394846761, 0.263659579459046, 0.245421902004541, 
0.227476209137675, 0.252982821350697, 0.265467040932053, 0.24301080519214, 
0.22608329366258, 0.235111323094227, 0.239211860797427, 0.249088094165346, 
0.251593613935944, 0.238196773829024, 0.243424971679301, 0.242386112490122, 
0.25453686770538, 0.260547373603963, 0.252762646013477, 0.238036120622115, 
0.235558605460142, 0.246322099717897, 0.237592080695427, 0.249243191872347, 
0.246716757470907, 0.248749770431952, 0.247558160043141, 0.245506277926431, 
0.253353728048327, 0.239389592670416, 0.248110317116355, 0.241123551970602, 
0.254353201102919, 0.250040739765253, 0.250296701166202, 0.238106244532135, 
0.237230083685609, 0.240434768285706, 0.269078350794165, 0.238922963266071, 
0.246427704553589, 0.235332205334951, 0.239392984690108, 0.234324272505131, 
0.246828798437089, 0.239687184531475, 0.243539317197467, 0.227699967164062, 
0.241154821394525, 0.23973136921027, 0.228925770112963, 0.251774779915715, 
0.231250166731156, 0.243492175748593, 0.239986668157831, 0.255359712345568, 
0.253183890237188, 0.228004847591896, 0.243256387459728, 0.23417397847926, 
0.235066605008533, 0.2465351949551, 0.235144250630867, 0.245044621473958, 
0.234634625141429, 0.245163339679279, 0.238024257109343, 0.22958617701412, 
0.230895694384132, 0.240784218246217, 0.253943516233446, 0.249836351020093, 
0.248883920328203, 0.229430170071536, 0.24625253703354, 0.2546153095185, 
0.241491587066803, 0.226872243398807, 0.236935273307928, 0.264503868639908, 
0.256399742945392, 0.262715374344103, 0.236214044645553, 0.239086930655, 
0.238452052559425, 0.237473031096539, 0.250730311850118, 0.241103146034093, 
0.242234849503019, 0.236235656905804, 0.253794361799679, 0.238388684315984, 
0.253199774849225, 0.242653295007476, 0.252863183000866, 0.252655433798215, 
0.232513854768977, 0.24030212376866, 0.254421529662914, 0.251763728224063, 
0.233816888574405, 0.25007554299472, 0.255624970443574, 0.243349882775995, 
0.235687371826105, 0.251930764662603, 0.260957841378155, 0.247584584368333, 
0.227428134160925, 0.250649784678035, 0.240083412334906, 0.248680962051991, 
0.239878161459422, 0.250533002636413, 0.247505184687863, 0.264348595288438, 
0.248389422384879, 0.249320036064172, 0.251932808086223, 0.245697440593085, 
0.236201915488309, 0.247720970246489, 0.239381666773459, 0.247697256330168, 
0.24780791728398, 0.261129065835973, 0.247879021259786, 0.254066360190148, 
0.260542939262788, 0.246327107919471, 0.236490885651849, 0.242904537784857, 
0.242741684138094, 0.248611446954362, 0.240747116667783, 0.235933895522208, 
0.243677179312007, 0.237942423064363, 0.26368435610182, 0.234869698298754, 
0.247350133710485, 0.24055969256, 0.237933071730937, 0.237258050525651, 
0.263731829740297, 0.238696960563208, 0.244466795027711, 0.232888990416583, 
0.245692153101498, 0.247863415554331, 0.237116413848628, 0.239747717935943, 
0.245590609710762, 0.235833639799313, 0.24679979005001, 0.240913787618059, 
0.259336034031773, 0.234770894945837, 0.240321521800991, 0.250038844690605, 
0.240687286695067, 0.239664298002145, 0.234837000416696, 0.252993520645806, 
0.233579729762274, 0.238078985658133, 0.249170082577687, 0.242291090565549, 
0.246301825925597, 0.239418486785391, 0.255262096941224, 0.250669163582423, 
0.255010729090622, 0.223264227542375), dim = c(100L, 3L)),