list(MSE_matrix = structure(c(0.26554077870051, 0.28798043651215, 
0.265751492532642, 0.302959631432883, 0.344303526388096, 0.305982443753332, 
0.37406151387187, 0.251059466049652, 0.3154339099904, 0.254646637544795, 
0.286050723203789, 0.266062360704752, 0.258353610491475, 0.250916813461063, 
0.260483419584972, 0.263049429493203, 0.341673833508496, 0.261657763153642, 
0.256225179510221, 0.241306664435308, 0.252724867400303, 0.283332081788533, 
0.264228234125653, 0.256716313786135, 0.256976046130638, 0.258984218873393, 
0.265756243092086, 0.249306763883415, 0.245920590233038, 0.288706508545359, 
0.26608246819125, 0.281633038570023, 0.256015510247215, 0.264786683515564, 
0.273239928328805, 0.249382840713991, 0.249435673246414, 0.275969372941114, 
0.238240352083482, 0.27538498159307, 0.255884715122465, 0.243580658100914, 
0.312329155953312, 0.280963225057723, 0.26541813907907, 0.251413910422234, 
0.246672892307984, 0.319069228218103, 0.258491398448171, 0.275930646284777, 
0.248233812169377, 0.269817201775621, 0.281234062815686, 0.287993208062455, 
0.26272962710306, 0.256295577724899, 0.232965467414268, 0.244630749426868, 
0.257413939189004, 0.245596658841106, 0.257080787226282, 0.253929935807001, 
0.301591020178281, 0.286629531765984, 0.257680991470819, 0.324706135245729, 
0.263034740153975, 0.237579474656473, 0.247157595365237, 0.277616871713421, 
0.245799876791957, 0.255680173684806, 0.273727251709128, 0.274366078785664, 
0.277218703505841, 0.315666970236878, 0.315582199142109, 0.266656335316429, 
0.260073091497871, 0.294259715671431, 0.258622458682652, 0.257308927004997, 
0.295956735511422, 0.262107850793336, 0.266965422328776, 0.294897086050789, 
0.236807106641313, 0.298656772131889, 0.233594602420997, 0.267847262301898, 
0.27723153847494, 0.280491129360667, 0.246603770548851, 0.2702031135354, 
0.253363163293679, 0.315545055221369, 0.274251093230823, 0.298774891281801, 
0.23377200474915, 0.264055901603198, 0.242092063157817, 0.279581732930506, 
0.257161915463178, 0.266303548310028, 0.258699325826329, 0.26541552168822, 
0.280748730363693, 0.255178582725889, 0.299506263887528, 0.230631632719701, 
0.238671892925542, 0.238347618152439, 0.23448547668117, 0.248376930014168, 
0.281460117212075, 0.269050354057845, 0.261855062892187, 0.24987984847401, 
0.255825733414666, 0.232806229993158, 0.256808288047674, 0.240962961130179, 
0.260662921772458, 0.241782889627523, 0.237619942752846, 0.233435881548185, 
0.24816065244923, 0.236490960764532, 0.2639464643629, 0.263144848830549, 
0.27752886120842, 0.265507621904295, 0.268478115109419, 0.250637571936626, 
0.265510719518471, 0.244774213922667, 0.255809264208313, 0.251804695283266, 
0.256844443442295, 0.304937299225628, 0.249855176423067, 0.239866480270276, 
0.245745722326886, 0.291674527714579, 0.266056653680766, 0.273079079303422, 
0.256151889079396, 0.31723685031543, 0.24135457125709, 0.26610632766225, 
0.242111522356993, 0.240668655498547, 0.244404466740892, 0.276517123863769, 
0.236496689379198, 0.248111406749566, 0.233713817863592, 0.247758244311908, 
0.251328279549499, 0.242120872602369, 0.245951444832626, 0.270903352426434, 
0.242307045293672, 0.25254290766954, 0.248699667424713, 0.289116168295363, 
0.233765611297795, 0.2472666883393, 0.257917249414741, 0.250633163389966, 
0.246064324938385, 0.243577802853527, 0.270972926618562, 0.256435136198954, 
0.259836128310133, 0.259337902749139, 0.250692797951424, 0.247091782665444, 
0.234895050877468, 0.233527847909913, 0.246075501918646, 0.255624134133213, 
0.278556467464275, 0.245767100868962, 0.256435182068338, 0.249117601853032, 
0.231330201286293, 0.272329327467066, 0.248633346338242, 0.24585198424864, 
0.257131723725825, 0.265391408909147, 0.223520103287847, 0.265667506910559, 
0.260985415959096, 0.291402231002189, 0.24198224507157, 0.329281190594327, 
0.248280736480301, 0.246869598058522, 0.264567485801831, 0.272528713000601, 
0.259992518416877, 0.278308511534883, 0.265492914225657, 0.266563315200779, 
0.268252443794298, 0.257939257013073, 0.264765867617835, 0.240153780933126, 
0.243374722391179, 0.241106991396531, 0.240483592310664, 0.247685473104871, 
0.263774879332839, 0.238399144290585, 0.294045282651563, 0.238521117745954, 
0.242366951853087, 0.231728261272256, 0.284102468640922, 0.234319433530874, 
0.248056394018459, 0.260490750087667, 0.263545138010461, 0.230095104497375, 
0.256863633527636, 0.232363754464132, 0.253075815622258, 0.256861678293363, 
0.266837098412113, 0.287602215799423, 0.250081154203776, 0.241092678374279, 
0.267918622752922, 0.249669062938726, 0.241720525399735, 0.23844223292525, 
0.238414609537148, 0.269938066353069, 0.277090298416555, 0.269381174149813, 
0.256213696521768, 0.29569666276355, 0.240175045203394, 0.2382712597666, 
0.264816809983225, 0.290027029398173, 0.253973098749264, 0.264725051889286, 
0.26273485841992, 0.273073978986211, 0.249190681028795, 0.291285274172859, 
0.264107965639742, 0.295709693938802, 0.234948813315717, 0.234055633728147, 
0.245694840275349, 0.236700325462322, 0.242641986680758, 0.237944066749331, 
0.254334904310023, 0.265725981291876, 0.256425765376014, 0.293244723701394, 
0.237730629657274, 0.244651183137386, 0.256065245819346, 0.277466586244519, 
0.239222747809071, 0.25818082000578, 0.253373761726822, 0.253648985538478, 
0.247390751264429, 0.253648403163706, 0.25205267048439, 0.245501696361898, 
0.243679453443866, 0.299681391662277, 0.25943846214645, 0.26089891953156, 
0.266227359501623, 0.271596440322989, 0.263952365574326, 0.259166137425732, 
0.239043874088513, 0.278923468993535, 0.245028819920593, 0.250554495664765, 
0.293134527026172, 0.268181764859939, 0.242459491516954, 0.247387506903722, 
0.264164884196491, 0.290188409225881, 0.257673409610294, 0.269930577172582, 
0.255195991321246, 0.260871614983), dim = c(100L, 3L)),