list(MSE_matrix = structure(c(0.26554077870051, 0.242604420058173, 
0.257626203628346, 0.305930594473022, 0.280734013900024, 0.285008442466282, 
0.260523223825464, 0.273364967292611, 0.307073947930584, 0.27698880463128, 
0.285057076850289, 0.240510192467802, 0.252657038678149, 0.254979804529056, 
0.253257124439759, 0.264395920058962, 0.336718112941474, 0.228511207121406, 
0.269354075426311, 0.256749458289063, 0.287720745546647, 0.287405709892332, 
0.276821307763813, 0.238554562862687, 0.256988891308388, 0.269074500142632, 
0.30061398467324, 0.292951615739823, 0.286186795824068, 0.270269339699564, 
0.286977419315476, 0.303478457848558, 0.291565317619902, 0.265846616641687, 
0.304526807125986, 0.254828370173791, 0.276660028812295, 0.250016740822254, 
0.259363526491736, 0.264816355681707, 0.307439266408061, 0.287241078880542, 
0.256204771959804, 0.266312463403399, 0.259316717887027, 0.243538948032498, 
0.251559934901024, 0.249645907610451, 0.27889592859158, 0.314282180766188, 
0.294238126905193, 0.276681549200108, 0.285768664124544, 0.24826739984561, 
0.285525955585954, 0.302754605550144, 0.275088952371464, 0.277375806411139, 
0.252976166279053, 0.309185364220939, 0.281563600053053, 0.284705607546823, 
0.287585588128276, 0.247577888321968, 0.317444510762093, 0.246610488526165, 
0.291207121396933, 0.253330357380079, 0.281491113173449, 0.28257734036654, 
0.273639889114883, 0.2620805411021, 0.272085916849079, 0.272056066173009, 
0.286635861695662, 0.243810613889734, 0.358352152954391, 0.320589765539507, 
0.269586346049739, 0.242955451930668, 0.268344909833125, 0.249133336998476, 
0.267995093327741, 0.257720450077902, 0.266784753359693, 0.251649973286428, 
0.272503602144727, 0.315419324022855, 0.265379759886448, 0.229480803892582, 
0.261707728922616, 0.291197480160318, 0.238919258787925, 0.262795135444956, 
0.264815904128852, 0.250195751657514, 0.269607921211514, 0.253954478809706, 
0.238980933957042, 0.243582520367153, 0.258037764597697, 0.234679188250544, 
0.252199325416773, 0.248568121449275, 0.249156448242583, 0.248631827799048, 
0.238563704251114, 0.25271304274458, 0.252281486357818, 0.256177722244655, 
0.263425840578131, 0.250622972895008, 0.241796803988574, 0.245010057514782, 
0.225749019992879, 0.25176634015283, 0.274770523586628, 0.240048292416429, 
0.251403818965734, 0.26269815247306, 0.259218179293128, 0.261865012599251, 
0.267055935137539, 0.234204351136983, 0.243125585954178, 0.245803867408448, 
0.289923184513245, 0.243431415096539, 0.262539187025929, 0.2562119116336, 
0.265910276682178, 0.278812748009648, 0.276484618347157, 0.254551389008778, 
0.256776523203705, 0.244424633721371, 0.265539420685392, 0.233653597617614, 
0.245032684042784, 0.253565125398294, 0.253066473817502, 0.245229584183047, 
0.245413704811202, 0.251366454321218, 0.244668662083855, 0.22443544495546, 
0.234070898222077, 0.246271217531917, 0.273261575593778, 0.279472341929776, 
0.270222561901206, 0.244278611027926, 0.26570277349038, 0.255561144186673, 
0.25554908008463, 0.26843214838487, 0.258318530179891, 0.25099056309554, 
0.256081677198694, 0.267543084599587, 0.249730536546889, 0.260725314759206, 
0.274725234824914, 0.252139840071061, 0.251158847846074, 0.263756306989542, 
0.277099265998785, 0.259990806971344, 0.259568209498574, 0.248007359566855, 
0.253629266979425, 0.249846003286263, 0.274347010907597, 0.232968005680815, 
0.269266870418499, 0.228971228590064, 0.265786244829113, 0.238370437517538, 
0.237562541415539, 0.234260457507186, 0.25019652723165, 0.240534776155432, 
0.244237241823204, 0.241924761456646, 0.251351549937327, 0.238973782448453, 
0.230114438280762, 0.249977499807149, 0.250443039144414, 0.22350151602086, 
0.250934506643892, 0.282010043725358, 0.247034961132233, 0.230810662348273, 
0.248236677313877, 0.235132325855595, 0.244482092001887, 0.236086961290081, 
0.245539733737513, 0.248747987738769, 0.255545123931847, 0.243851936330042, 
0.252938232887251, 0.250207446774432, 0.249001059534822, 0.243875444510001, 
0.244519997235026, 0.25278494131965, 0.256146742902292, 0.259138290550673, 
0.273827653650356, 0.244967095679217, 0.241040757092523, 0.247366683921373, 
0.233445586377034, 0.258206817593481, 0.293195099708101, 0.229914005173551, 
0.247766644960019, 0.261712113702475, 0.2570797674616, 0.247600876421926, 
0.266857017018783, 0.232934923977745, 0.254794084444918, 0.236642707304937, 
0.299160475704076, 0.252034460754412, 0.259931034001881, 0.255302759697443, 
0.254722895111164, 0.265964970727877, 0.271101921743774, 0.263221913365378, 
0.257685920020816, 0.244486538784897, 0.257873083503349, 0.236937786253128, 
0.236323293188931, 0.246064709760923, 0.248096045976723, 0.251411806631787, 
0.240293324269402, 0.230746696250187, 0.245828160014176, 0.228644627616445, 
0.226927571827983, 0.247163555548772, 0.263791982625939, 0.294320117154394, 
0.276160775155404, 0.263997930803859, 0.258183502747672, 0.249702418651545, 
0.254324138767006, 0.252377987737157, 0.25224241793463, 0.25586983701783, 
0.262133344080432, 0.26206159923254, 0.24438787897332, 0.255830645104578, 
0.274930084871073, 0.250232431733756, 0.251414805933759, 0.256295994865206, 
0.268665235266087, 0.268963398373347, 0.255100232210223, 0.250211190323896, 
0.263204438439724, 0.252454160030901, 0.286571324420972, 0.240504679370057, 
0.269842961572914, 0.235270219722756, 0.250016051933359, 0.241420177017663, 
0.247315145035016, 0.238626643841388, 0.257010174303102, 0.237104848400241, 
0.251180196894411, 0.258054443972893, 0.249979295186093, 0.233591427837245, 
0.238295954779277, 0.259680117173033, 0.254532905264457, 0.226308629018466, 
0.257610671196151, 0.255736889042325, 0.242075867556758, 0.229319406326044, 
0.236938630379259, 0.231579620264716, 0.252924131836887, 0.239080220502166, 
0.241497101898367, 0.247979121648524), dim = c(100L, 3L)),