list(MSE_matrix = structure(c(0.26260555988267, 0.254815452012258, 
0.244827435049639, 0.257067871232694, 0.23595074277184, 0.331343050968005, 
0.272056570756666, 0.295662516036991, 0.259185448448267, 0.265291524292899, 
0.262088340043785, 0.261247468538011, 0.30790467454603, 0.251264182687293, 
0.246032061091744, 0.223887110282748, 0.258060133332423, 0.267489362640394, 
0.257612387668238, 0.282255299724429, 0.279492110339239, 0.303447292325084, 
0.239793975939912, 0.313626993286349, 0.27793695484303, 0.249260600436969, 
0.272209302395071, 0.265881875676944, 0.25139267596557, 0.240908522966283, 
0.271798970686792, 0.2549563333497, 0.241522415616446, 0.263527691619145, 
0.288611967286993, 0.253602687593755, 0.27657659962601, 0.251379290137842, 
0.277556564676904, 0.330175674436869, 0.270765561818783, 0.267400404717141, 
0.223624458226013, 0.263985966252678, 0.255149740587465, 0.254951635866836, 
0.327749492330908, 0.261008082015976, 0.265756736041373, 0.266311785172396, 
0.303197307252118, 0.279541745320105, 0.291287390749817, 0.249105301321685, 
0.272565342062297, 0.274218938195977, 0.248071940579767, 0.277741143916304, 
0.27024477504349, 0.267353094558303, 0.265084568943284, 0.268011986091166, 
0.258817449988833, 0.26732413949301, 0.307628426447848, 0.250926821219412, 
0.279247393071361, 0.265708821420853, 0.282444908189348, 0.274419299393964, 
0.236803255201742, 0.276301087611215, 0.266532541076142, 0.369603230971495, 
0.263917366849647, 0.258489284986299, 0.311384519737795, 0.275275032722606, 
0.265374753166117, 0.252563982753171, 0.285551416674823, 0.259876129155891, 
0.230283049993412, 0.284524101308604, 0.296247551758437, 0.235662375416865, 
0.24825833132645, 0.2441399337004, 0.24019737485224, 0.241888172268264, 
0.292632031041998, 0.340091933313829, 0.285525685277079, 0.254912367338003, 
0.246180993151615, 0.287065783553147, 0.263381732824243, 0.263261383529674, 
0.246939188425822, 0.256940770264523, 0.270543983111294, 0.254196921597528, 
0.270129697378396, 0.240671178042163, 0.231862009375272, 0.243929633058814, 
0.256825511673262, 0.262721004550581, 0.252605801935267, 0.260868915586958, 
0.254932043980788, 0.264732087146255, 0.269734803517511, 0.233358758637542, 
0.258194068616245, 0.235942807733123, 0.25696661541368, 0.254415712163509, 
0.265173875005775, 0.257244050519163, 0.272368047650833, 0.261643016960397, 
0.252699228619068, 0.274918316134194, 0.252291759503876, 0.266733353618297, 
0.244021179148607, 0.245533250622124, 0.265858875392648, 0.266814273730095, 
0.240109454090907, 0.254437602537055, 0.25218237213041, 0.238874349286407, 
0.264616016531231, 0.24693301579344, 0.243143058224004, 0.245756111841331, 
0.249977645893646, 0.29244987327974, 0.252463957338605, 0.25071657259893, 
0.248901840366703, 0.25281609654562, 0.251242288840599, 0.262502488362824, 
0.258165217050786, 0.247839841697444, 0.254621761402664, 0.289835562312647, 
0.264618564326282, 0.296458761540465, 0.258824397245032, 0.250952434027085, 
0.25380349223573, 0.286450420311083, 0.237001599819996, 0.246785774612175, 
0.249157703841108, 0.243027353010667, 0.250787047688281, 0.263683540520319, 
0.234219241381405, 0.244602185714485, 0.270769427957455, 0.272895033145701, 
0.250562163160827, 0.234120625683766, 0.261996803419166, 0.23083034100607, 
0.237506938479525, 0.262723501854632, 0.233953698323765, 0.25136062972812, 
0.249230423927559, 0.255190664480643, 0.258950853272762, 0.23463087322115, 
0.268619679866853, 0.253275501030661, 0.258112073032403, 0.258389420529915, 
0.225010230277533, 0.256314077749438, 0.258706223207072, 0.242506354712631, 
0.241384502962874, 0.255300980133278, 0.263946600596545, 0.239384314090165, 
0.262159299814187, 0.29683668666907, 0.255340173250676, 0.237875892302626, 
0.245838785775934, 0.259963048327113, 0.257336104401873, 0.253319696579377, 
0.234667714745327, 0.283478584554661, 0.262514186972438, 0.2467445981349, 
0.284395578241196, 0.245700626985761, 0.262263853033181, 0.259284473868891, 
0.285504052332529, 0.283673943844074, 0.234564736883124, 0.240084034731861, 
0.246505464903369, 0.253057080067427, 0.274879945360457, 0.238666688783606, 
0.240033909902983, 0.236036654754913, 0.254540324838918, 0.235281342707436, 
0.244583526986032, 0.26870418339649, 0.253621338586327, 0.27202385210554, 
0.251652435456672, 0.264038639631145, 0.25105657218253, 0.258312322567197, 
0.235949941173111, 0.305413096077871, 0.255742178908467, 0.25148060227735, 
0.257249451017004, 0.240816480952219, 0.256687432805833, 0.26069755396751, 
0.252426051021819, 0.239512764596387, 0.253571999402731, 0.2843827075383, 
0.259415272331237, 0.258896956551009, 0.246187147883862, 0.253146938861363, 
0.240645468120152, 0.268562542631965, 0.240003309914344, 0.248938258157589, 
0.253152859147689, 0.251131110556768, 0.262763338144927, 0.265697522365679, 
0.269831854310434, 0.239784329700023, 0.242260973036137, 0.258408313146317, 
0.259610383881477, 0.255334702235085, 0.250543434888927, 0.267449021979849, 
0.253036411761445, 0.273929816206618, 0.251461305791222, 0.238137932311247, 
0.236701727377463, 0.253998583219909, 0.265673982381058, 0.256390044730695, 
0.276834628570173, 0.238431701179558, 0.270004481695423, 0.236510071090465, 
0.247844291543239, 0.250579523302564, 0.252188212467851, 0.252899533739531, 
0.245315943613492, 0.259210329755529, 0.257265884516025, 0.247306373563795, 
0.279479392577904, 0.24859602997521, 0.248821936543089, 0.2431515628167, 
0.23006712924276, 0.264919640497395, 0.27138118019876, 0.24828353455334, 
0.253046267093488, 0.271933037873648, 0.263773315737022, 0.237709835174372, 
0.240495650347088, 0.267736773011078, 0.259826481798052, 0.232630635111031, 
0.259244910786066, 0.242381109942938, 0.276039835518037, 0.26215437891517, 
0.281987000848602, 0.279126060040487), dim = c(100L, 3L)),