list(MSE_matrix = structure(c(0.251472714454523, 0.261854067549701, 
0.248425467620015, 0.246910183389154, 0.259410197650622, 0.228908840770663, 
0.24341565207389, 0.223583264922308, 0.258327743450053, 0.2682669265786, 
0.244527614487331, 0.256650058826704, 0.272313792820599, 0.249333811437222, 
0.249762664711773, 0.263550207969425, 0.311531154741049, 0.229336961898032, 
0.262097013411835, 0.247630140506958, 0.2609688228828, 0.266286083841733, 
0.233255609606384, 0.233311968577504, 0.239200878640266, 0.285875948545944, 
0.265959046044918, 0.269049944849563, 0.25269767175198, 0.242272208473999, 
0.237707050515245, 0.250251221982697, 0.247231026580804, 0.246785538738532, 
0.282789451377472, 0.275589124893693, 0.288973656079854, 0.27976797189783, 
0.281127248933094, 0.259044133446152, 0.230493464101892, 0.241723327691598, 
0.254336463843555, 0.273323273159598, 0.240618307697649, 0.298037950531947, 
0.238713714055419, 0.260715127646096, 0.248333169428357, 0.248445968821121, 
0.25493178346226, 0.2467889098798, 0.229042788663592, 0.244364290834947, 
0.243173538303443, 0.22771542135377, 0.267139047490456, 0.254523800581614, 
0.264192618301226, 0.262934672647819, 0.302062449954685, 0.244636230028845, 
0.240455258167068, 0.263034455776301, 0.247915852320923, 0.259357209287712, 
0.24600387281386, 0.257702165032387, 0.254539890908808, 0.252417436344239, 
0.246881644917421, 0.292122365345579, 0.244585120189438, 0.236573032673066, 
0.243367794968923, 0.24908311072238, 0.243042241929815, 0.236300770625223, 
0.246934279242043, 0.260025657304061, 0.271330855423549, 0.236132419159343, 
0.236345105649529, 0.253411188480231, 0.261004232597395, 0.249625551775546, 
0.268080576860911, 0.23147868446241, 0.256249576294046, 0.245707505540996, 
0.229719072475759, 0.235211693122621, 0.239489581784104, 0.262766878633828, 
0.240576716715511, 0.249426526866094, 0.225137036568067, 0.258775191841957, 
0.241561552874532, 0.239561005413834, 0.247240895930999, 0.241619034722024, 
0.237387104172982, 0.251501741120531, 0.245855297066881, 0.241981487631243, 
0.247612010236149, 0.232960341073206, 0.250058678679088, 0.24532145274881, 
0.247104723471749, 0.252431804548303, 0.264791323483883, 0.250222240125661, 
0.24250420154755, 0.251972066695319, 0.264462115968615, 0.249024306676855, 
0.252798717049314, 0.251155196931996, 0.226749093202162, 0.23768859990179, 
0.243453730719271, 0.246204555990145, 0.253264075236346, 0.244400751107746, 
0.265907046046273, 0.25670546971841, 0.241907761526141, 0.240245721373362, 
0.235462980833776, 0.227034503171519, 0.249061430564248, 0.233490972205448, 
0.245993621189144, 0.247449317288798, 0.238203113647123, 0.297462258536077, 
0.244079355795768, 0.234796583463163, 0.246928272366222, 0.247159562774672, 
0.262824654297181, 0.259797220578068, 0.254560081160082, 0.276860003255006, 
0.260659242050215, 0.265966071335059, 0.261021430259375, 0.249010244763028, 
0.238815620264354, 0.234038520505652, 0.243443211914109, 0.245683420892064, 
0.238742591857158, 0.22932614666391, 0.245321359203536, 0.248024923517196, 
0.255959272629485, 0.242586626826608, 0.283252366331447, 0.246788617670124, 
0.25517091895605, 0.273870653698595, 0.240816559169945, 0.253022191382646, 
0.270951840463773, 0.246538071028078, 0.227445856340343, 0.230177210473935, 
0.268759209200592, 0.266696745377953, 0.256494201363743, 0.262124094310694, 
0.258267187832337, 0.259098628679804, 0.233046184986309, 0.265617004755077, 
0.25072054204537, 0.240015801837181, 0.25047464349028, 0.235208298827525, 
0.239397884975557, 0.24867372195267, 0.25563684438746, 0.246777468361537, 
0.247198580314723, 0.248791683884717, 0.270524828757854, 0.239491668025299, 
0.230999117702338, 0.240421049097513, 0.246586070648095, 0.255950467869618, 
0.242910021227509, 0.244658662160878, 0.247149785412726, 0.241156786030309, 
0.247611811304363, 0.229786124313445, 0.241978284812472, 0.255996993089151, 
0.230932241209188, 0.242479647765911, 0.258135309261999, 0.244817693265999, 
0.237003267475229, 0.235077464541214, 0.250321610719816, 0.244595147553944, 
0.246548206063576, 0.248104187190033, 0.252066577901845, 0.26999690786171, 
0.250695518437749, 0.25289513317669, 0.281231745576587, 0.264261977833503, 
0.249182227399545, 0.248569549185658, 0.26937161554244, 0.258202021723117, 
0.232703744878157, 0.248654473250531, 0.242955587389927, 0.236983935965447, 
0.263059845844711, 0.271347109940622, 0.251166110122329, 0.250538897595048, 
0.257643339819235, 0.243138756597041, 0.256563868130777, 0.24773019800315, 
0.261512914485417, 0.257633093978585, 0.247183227992821, 0.252290545401923, 
0.263177521650577, 0.240178177293627, 0.241155483000988, 0.241305244403894, 
0.25031902007729, 0.249380167437796, 0.251632874781571, 0.269238347667177, 
0.241520156194849, 0.267214167706494, 0.245778625615146, 0.252585797575856, 
0.251980781401273, 0.257892826695913, 0.243181311774039, 0.242121620257146, 
0.234187918553416, 0.223303399647594, 0.242164493571211, 0.248187808282423, 
0.252201113072054, 0.242817369135724, 0.28229490352143, 0.253192942487713, 
0.238943867076348, 0.246348600065197, 0.245081181712224, 0.246943635384421, 
0.251928818463432, 0.247316372484954, 0.232612740967998, 0.258064921846773, 
0.244246271241272, 0.25933759004486, 0.260216104423445, 0.243614602814108, 
0.232497122160151, 0.232936835670513, 0.223282394568048, 0.262089098907056, 
0.232705547771462, 0.247176938072313, 0.235616376289916, 0.226503661665594, 
0.229567147157681, 0.24604441904056, 0.262254998989775, 0.243207424534432, 
0.262785078766369, 0.243128211529264, 0.24900076096994, 0.232371204822637, 
0.230795137831561, 0.226733690163241, 0.252079490799807, 0.230961815111907, 
0.252377621811109, 0.245613631310141, 0.246694570620768, 0.249485655011955, 
0.236892216498717, 0.239875559840778), dim = c(100L, 3L)),