list(MSE_matrix = structure(c(0.251472714454523, 0.253257202589821, 
0.246765076001137, 0.291421022734775, 0.243031288040103, 0.251178805580707, 
0.255511213702229, 0.249776338999478, 0.252489210767354, 0.265731406985525, 
0.251083200925458, 0.260819261188023, 0.326443725157304, 0.251030854811444, 
0.258498923187804, 0.242806984201179, 0.237085544842838, 0.239180031714545, 
0.280853129469487, 0.239990626133552, 0.259640744671471, 0.269838533991472, 
0.24219076183151, 0.267850639914914, 0.280620902915054, 0.248307833256824, 
0.237739220308568, 0.284361116335284, 0.294457443490658, 0.252065978831363, 
0.236482562219178, 0.251796783158782, 0.251138683958377, 0.243738185031124, 
0.248262900824336, 0.253418717003509, 0.233215283003722, 0.250882378986905, 
0.237977945768304, 0.23878614973488, 0.245623652676377, 0.259959391936967, 
0.270851696794249, 0.245414940996519, 0.267772582808141, 0.256396184731451, 
0.240644869612822, 0.286539989593763, 0.270074595986796, 0.245798657991194, 
0.271997935803761, 0.234850224365449, 0.236037380440944, 0.249158379487772, 
0.290963600314147, 0.24520474763495, 0.238047016719167, 0.253548860325235, 
0.24702684744466, 0.268907478025432, 0.270375621875823, 0.248009569044981, 
0.251967032107451, 0.245242077778729, 0.249832411909697, 0.246661300513067, 
0.243324296372236, 0.251653886018403, 0.270736936535315, 0.272906218953179, 
0.287451059563933, 0.275010797774563, 0.255735455226508, 0.255115031284021, 
0.247733107881543, 0.236690988686074, 0.233504711517945, 0.258124298574032, 
0.234928670650198, 0.253051102818407, 0.289983083038241, 0.254170800617689, 
0.251255621347358, 0.258595817924031, 0.254408621712487, 0.275686098080964, 
0.248445873601876, 0.267324972477785, 0.244497268634098, 0.293323999864012, 
0.236730289029659, 0.253261883275118, 0.241269863954123, 0.260471015000904, 
0.263189330199771, 0.239650478247119, 0.277006433558886, 0.236935810112126, 
0.232091935844179, 0.240890999662215, 0.253755618175794, 0.2772749255456, 
0.27324821542355, 0.273939217102071, 0.237596314388612, 0.234753484619312, 
0.264001277009933, 0.256107676802418, 0.228363050917734, 0.263163308151379, 
0.261950519927655, 0.252750395141458, 0.308055512752166, 0.264209848464135, 
0.236089825541642, 0.230742894128376, 0.230515676257541, 0.25944639821247, 
0.266325992219684, 0.270083925711484, 0.31094168709114, 0.267815960405993, 
0.24779731003632, 0.259438893842446, 0.246367678826188, 0.24947370874934, 
0.234296591060373, 0.235767023533886, 0.292954408415336, 0.239148385240951, 
0.257001987471976, 0.242715787234988, 0.236318194018044, 0.23747426132211, 
0.257344530112185, 0.269132247952646, 0.241267052305786, 0.253313034268098, 
0.259325569289334, 0.253597024414117, 0.238964198585235, 0.255245745771287, 
0.250632877796814, 0.244732008571029, 0.286302297724649, 0.248383115117938, 
0.243681448567275, 0.249322546388773, 0.242822336582135, 0.242283181407274, 
0.236771138742578, 0.238506629657788, 0.256570855228072, 0.242909064099798, 
0.26853646621877, 0.243616116304944, 0.253989210934626, 0.261291986689264, 
0.241297149251593, 0.25959202149658, 0.281612732213684, 0.234579317066022, 
0.254606793220028, 0.245252231304709, 0.257622105276026, 0.246679432660165, 
0.235766517217735, 0.250127284512656, 0.288340170270634, 0.258267045091557, 
0.250423541214884, 0.246526510332836, 0.249976394743566, 0.259428588874054, 
0.263190025118895, 0.244031136528882, 0.266158534824915, 0.227175632841717, 
0.250264319833837, 0.296588309723146, 0.294410973106938, 0.251633452860966, 
0.258139163489306, 0.243844140967011, 0.264974124277106, 0.258046509775803, 
0.244624592483945, 0.276388213296198, 0.255952673586818, 0.243659668100347, 
0.245788151108648, 0.256849156181287, 0.239270714233032, 0.276537388408029, 
0.263293267536382, 0.245579647588201, 0.275575071489854, 0.238453611497414, 
0.248019245750022, 0.23723437397157, 0.268594373974863, 0.250849878031852, 
0.243863548444415, 0.253656507384253, 0.235250462453206, 0.235606852930746, 
0.232591443773668, 0.244130382161878, 0.247845274198606, 0.245439196235739, 
0.244744597301359, 0.223290926066398, 0.281702459268817, 0.234785106334205, 
0.246987972479139, 0.252150904350564, 0.240161176175128, 0.260584055435706, 
0.263421474395286, 0.256375674440821, 0.246821782330873, 0.265750772890354, 
0.265280416931356, 0.244049609666779, 0.249110991639693, 0.251875044897333, 
0.254756438437035, 0.25839219565747, 0.25918542295977, 0.237460130671609, 
0.233408935334034, 0.247378236524292, 0.277917782439398, 0.247942761036472, 
0.261355509929063, 0.261395579725845, 0.232131028251893, 0.244908674520492, 
0.26662069050028, 0.244862375110446, 0.227685707127808, 0.254543794055806, 
0.256111366296505, 0.269536481607654, 0.26768408441053, 0.294932885616058, 
0.255447258903827, 0.258493980515398, 0.247651713295094, 0.254198771797722, 
0.268210880401661, 0.237123700757672, 0.247409889128604, 0.25967005554956, 
0.231479369081961, 0.272852038920741, 0.230390467217104, 0.263152733821536, 
0.237309508780575, 0.239925117938496, 0.25759648681932, 0.244615456984592, 
0.265454260374933, 0.237022586182316, 0.247998439105247, 0.253859499458478, 
0.244929906083037, 0.240032224722392, 0.256633208512238, 0.236298121606255, 
0.295072204126418, 0.234177432771129, 0.281832263782478, 0.251238224935109, 
0.254035543757536, 0.235205037808174, 0.235807328690354, 0.241463920901945, 
0.237342450581691, 0.290675323178265, 0.274862706724394, 0.247053323703499, 
0.269899539838349, 0.256906318760178, 0.239443351215739, 0.250321769718217, 
0.247714755497426, 0.257137201957712, 0.27410621328638, 0.263950921387597, 
0.241015755452639, 0.241862211157575, 0.244840675013853, 0.271772127878911, 
0.256164522674741, 0.236626909967953, 0.254986661997598, 0.224468395660832, 
0.237651782264022, 0.227854517445441), dim = c(100L, 3L)),