list(MSE_matrix = structure(c(0.26260555988267, 0.241711125065808, 
0.238897486012318, 0.253008306906893, 0.270141444644227, 0.274740358268724, 
0.270655326272722, 0.251324490619427, 0.254355105006002, 0.267421466511277, 
0.285424888776726, 0.253932903973447, 0.264632600732691, 0.262513609459555, 
0.293267489391219, 0.24933780064498, 0.272897412821704, 0.273809670302069, 
0.273256020691834, 0.253776135232954, 0.27101897535848, 0.273841236892498, 
0.256512375418979, 0.255622421227931, 0.233461516874395, 0.242806908808141, 
0.247083715817313, 0.263137263833748, 0.241825230106139, 0.255875485285468, 
0.316481471826439, 0.241121038674103, 0.25103114677589, 0.239413043313571, 
0.267064823492613, 0.247859886098335, 0.310653132402608, 0.26920906249801, 
0.251604577362277, 0.246965600735441, 0.260360421499177, 0.254567760551204, 
0.278777463181276, 0.254804536260269, 0.296121314016418, 0.242989867227758, 
0.28164404728662, 0.242924521699073, 0.250495661568242, 0.29594567684464, 
0.253209164149058, 0.274996951054755, 0.251288712149597, 0.304549968525742, 
0.24369480478397, 0.27915927932539, 0.273419077131369, 0.256691241878316, 
0.25361234610368, 0.239171446625299, 0.244980157226593, 0.255968669780501, 
0.294492707374903, 0.258254013189532, 0.244345120999852, 0.276772677343826, 
0.308191578719015, 0.274182526497807, 0.265221068516213, 0.228169138180359, 
0.248130577883139, 0.246910772979478, 0.254262835630867, 0.271830634635857, 
0.253155969563295, 0.254956049347171, 0.234732823523452, 0.268204775133377, 
0.271962730275387, 0.252483430996353, 0.250876012797236, 0.277347493596059, 
0.264018065334019, 0.279731897786295, 0.290817890819325, 0.248054314702256, 
0.25534064441384, 0.241868046700945, 0.257909459875655, 0.289402619470598, 
0.278565416474448, 0.282226083162465, 0.280274590272534, 0.249316205598326, 
0.260265657546225, 0.257175266685604, 0.247331786742608, 0.261181647197994, 
0.26111568511984, 0.259646485563041, 0.255006969092853, 0.253042022267817, 
0.257894300567533, 0.234762491902063, 0.240411225281054, 0.248828773007242, 
0.255871021232598, 0.243798199497923, 0.225644234488173, 0.255786584235168, 
0.263414081224611, 0.245497362582045, 0.253476033215765, 0.249107192137361, 
0.245283614824921, 0.245879456743418, 0.259127796811077, 0.262254255688922, 
0.245241641412154, 0.259568894248116, 0.241211634701575, 0.247981711693157, 
0.242218169253766, 0.23921418512423, 0.239583257249528, 0.250611001509929, 
0.239840207959215, 0.245095865759505, 0.235321951872533, 0.238772317950873, 
0.257496108113736, 0.240605749841527, 0.254574438878174, 0.241014997310373, 
0.253237432932332, 0.250840609025299, 0.254640385618044, 0.260901024909442, 
0.238543897060378, 0.230243500397735, 0.240706650235567, 0.246496574614162, 
0.25383685415287, 0.239588855989308, 0.271239207764077, 0.230972990267544, 
0.252649676755287, 0.245545560502407, 0.247541034805821, 0.267050386782331, 
0.232538516601292, 0.25220314558375, 0.244517144364575, 0.268730737586204, 
0.237238378629389, 0.248400496308873, 0.236482304866243, 0.244863381001713, 
0.247927687517793, 0.238232956708585, 0.2333359192205, 0.240768778457061, 
0.266944769154632, 0.253178388358108, 0.236891383282874, 0.251087986639833, 
0.242089067024058, 0.256146728364228, 0.237840934158112, 0.236128309693587, 
0.241978948634995, 0.243460584367005, 0.242222433393475, 0.241749996410184, 
0.238475983917061, 0.240345120465786, 0.238117479413074, 0.237274989097601, 
0.248798510312873, 0.235277534860011, 0.253366166718243, 0.26184065365838, 
0.263789122380841, 0.249278870167717, 0.256367975182987, 0.247971611114262, 
0.237645616674448, 0.234997760839464, 0.260275039613116, 0.240097394345579, 
0.248736251086508, 0.269087032468926, 0.2337855396066, 0.243205782857914, 
0.237524644745941, 0.243898713290269, 0.246686260819239, 0.247615201831462, 
0.237878100040771, 0.246484732882712, 0.244204181344302, 0.250191791669863, 
0.237526131797585, 0.241887184126409, 0.252282760630818, 0.258245067664403, 
0.248694257343477, 0.233806279548148, 0.231424740222435, 0.249845579699293, 
0.24760477128861, 0.240636453197752, 0.252640451861361, 0.255467244431823, 
0.253081796280684, 0.242895744460797, 0.262151450184502, 0.251848517702963, 
0.249737370779085, 0.253864205980563, 0.234041979418828, 0.245108811957676, 
0.256475306950073, 0.234279132007399, 0.234851839667089, 0.233667701301109, 
0.247202448730746, 0.241392950221633, 0.23800595943347, 0.236681524260522, 
0.256454721386432, 0.250897005462034, 0.243465064685524, 0.234242111137756, 
0.244762670737976, 0.251065822673507, 0.257052260002873, 0.253969462501974, 
0.240426833406617, 0.239834530322673, 0.233282215841376, 0.239595652153816, 
0.241625506320825, 0.24746786862253, 0.25967774917423, 0.231234170982375, 
0.264327290423584, 0.250575196231884, 0.253113017462483, 0.250845808115559, 
0.238059787244106, 0.255436200617253, 0.243838508944641, 0.261286752787291, 
0.230604542082692, 0.252206823286816, 0.245727734226224, 0.247262449289495, 
0.23987452915671, 0.238028869769256, 0.237243303084279, 0.232057179390439, 
0.266283197791414, 0.258466258322437, 0.238537881241135, 0.256630671449484, 
0.249759517055694, 0.255950534564907, 0.235902735586772, 0.236291398659099, 
0.254801861265378, 0.25127798555985, 0.237804415277934, 0.243849281807918, 
0.240369448360912, 0.247995047289466, 0.24206491564481, 0.254512073657297, 
0.262012297212993, 0.241142602331734, 0.250319276567246, 0.265548526584909, 
0.260403877588867, 0.245067146845751, 0.259991930394117, 0.250667904159896, 
0.238251080005962, 0.231853450132562, 0.251080893347975, 0.247360004045556, 
0.242946259019893, 0.268922648788576, 0.2468483602975, 0.257244115132572, 
0.243945091173272, 0.2595995733274, 0.249129298077787, 0.246313289528029, 
0.235155927775252, 0.258541888522797), dim = c(100L, 3L)),