list(MSE_matrix = structure(c(0.272732813009425, 0.247779901895981, 
0.255583407601236, 0.24484018587471, 0.254534848713096, 0.245790222533108, 
0.253189146403172, 0.247866527155011, 0.244232723488546, 0.241055081512161, 
0.275847543542793, 0.238382674495988, 0.230160210805353, 0.250421162149772, 
0.246766925927899, 0.247420834781182, 0.263217402118264, 0.259185208955205, 
0.25157247648283, 0.23246827535951, 0.233315953476041, 0.247173421986558, 
0.240119052476283, 0.270109786942763, 0.250744805875227, 0.240023230220542, 
0.24004790358649, 0.267995609939814, 0.261767324675676, 0.247768305645253, 
0.251094543029104, 0.227011692295588, 0.247445128950674, 0.288306447074207, 
0.259110795537228, 0.25623317204236, 0.267987103654269, 0.24024054065477, 
0.233847883363086, 0.247608320557695, 0.244552108991018, 0.26392935834333, 
0.235050022156797, 0.236745367534167, 0.226308683110458, 0.252030512101331, 
0.244501170420149, 0.220843773920742, 0.251028765109814, 0.262091516950897, 
0.24893982686984, 0.243849829346257, 0.236980234247705, 0.254404286992298, 
0.248017057433869, 0.247269947685278, 0.266836054197733, 0.261210404404049, 
0.235735751041855, 0.240680615200347, 0.282782708984405, 0.248211635375567, 
0.259772805655886, 0.241544827366831, 0.247747376497611, 0.254902378552835, 
0.252344553389525, 0.243986039480983, 0.241612070533207, 0.23831163029905, 
0.243362313232858, 0.249307216473366, 0.253488437375176, 0.264784686434205, 
0.267221336889751, 0.263578555676717, 0.26739068871282, 0.245416159434519, 
0.260576096651955, 0.264227319806579, 0.240765879276014, 0.250327908495962, 
0.22982851086715, 0.260221720253458, 0.249121705971484, 0.234480375681153, 
0.251244472916636, 0.240781130969131, 0.269216456586546, 0.241778312358166, 
0.247475494138794, 0.272810638638493, 0.257236203219107, 0.255718557618075, 
0.286537495189673, 0.236917166667503, 0.229674762313273, 0.24336620329336, 
0.251317206416232, 0.243414772996924, 0.248025355559178, 0.261339681650194, 
0.242834529015812, 0.302448255888096, 0.244483833556132, 0.261701139789492, 
0.253627423001869, 0.261226409336455, 0.253572327848841, 0.243288303895694, 
0.276704756069731, 0.238039872925462, 0.241270293087897, 0.239893830914778, 
0.249459015188267, 0.248767358314212, 0.260199241883391, 0.24064786543511, 
0.243075219397366, 0.24498346438865, 0.241217963796903, 0.256467751488312, 
0.254916255986535, 0.254007462276424, 0.265146609468863, 0.25597951073726, 
0.23801515884075, 0.25386440717954, 0.245307050333795, 0.261630717508861, 
0.233267941196286, 0.251535845206518, 0.238558427747231, 0.245765476201441, 
0.248187640551284, 0.238447399498218, 0.256013693772453, 0.280976961304669, 
0.253582536550682, 0.2404207545917, 0.249491941927023, 0.264587024133687, 
0.225744865209091, 0.246458504469432, 0.237607469720929, 0.269796689214051, 
0.249118167669039, 0.251777533613446, 0.279464043463442, 0.239937010668589, 
0.244968646816191, 0.25371782736928, 0.252564860832235, 0.253153106011898, 
0.271616559612142, 0.252970941493367, 0.272648013281484, 0.276205233343258, 
0.242320937429547, 0.235980391187783, 0.276491616241858, 0.269861579022527, 
0.231301360523519, 0.267777036365065, 0.25786589242811, 0.241239882584341, 
0.268866288622475, 0.256925635183057, 0.235891704039476, 0.242468172820075, 
0.24208715060303, 0.281319698034146, 0.25569901933767, 0.243877997198324, 
0.268899182295266, 0.238167126648867, 0.281128571634278, 0.221808055559983, 
0.25986057422993, 0.287929563515739, 0.243704026176627, 0.230430641431522, 
0.227388857508025, 0.237222812726064, 0.23842150056318, 0.268791809810552, 
0.233181866078296, 0.263119934663122, 0.254666814432112, 0.285144061160838, 
0.239722276514681, 0.276672097825084, 0.238808114706808, 0.251991658751441, 
0.260999939567184, 0.229431985324487, 0.259041931440934, 0.258625699240705, 
0.245519440718101, 0.246621909280253, 0.239353049129807, 0.273719034616055, 
0.268895247905381, 0.267955865878582, 0.274550370522355, 0.255741954592259, 
0.244779343806355, 0.262276776798242, 0.255094313363897, 0.243074866834518, 
0.265631153664186, 0.238699957422127, 0.251030947772043, 0.245226318982724, 
0.240134975868928, 0.250544942599234, 0.23484476378834, 0.24510075994421, 
0.279225928631378, 0.226815389964124, 0.257427061026649, 0.252572898133479, 
0.242324362594352, 0.24663420222303, 0.252711719728176, 0.24838085324522, 
0.257999951519603, 0.241298616580808, 0.229816522507466, 0.24736546408666, 
0.224729601530501, 0.246563260545601, 0.248431381650149, 0.240930735718441, 
0.246243281387074, 0.240630856973997, 0.262569006073928, 0.272078499039532, 
0.263372140869037, 0.231848150643109, 0.236398460937107, 0.272684573440664, 
0.241898475653018, 0.261348875245866, 0.244752673726611, 0.233711029561725, 
0.243752366963803, 0.253918268129473, 0.244591739761761, 0.289950733249008, 
0.263928804235858, 0.236979087472944, 0.227544982345745, 0.252038623569218, 
0.281176438045441, 0.24335986732203, 0.255206712467063, 0.303294721142795, 
0.230934434294223, 0.260192681832776, 0.279756141636944, 0.254044099597174, 
0.2487678653993, 0.251114346760353, 0.260365014735537, 0.261868147061159, 
0.264092230928228, 0.243678864384273, 0.247634216134919, 0.240329876381413, 
0.255284116471889, 0.25433995258457, 0.231751667682132, 0.251517145437217, 
0.261906612190133, 0.24614033162132, 0.266859051426841, 0.242898517494359, 
0.247351580470167, 0.254686855166592, 0.240634332866872, 0.243170770475876, 
0.249964053510234, 0.23898071588715, 0.266951632624159, 0.242377543794004, 
0.240882430014554, 0.24291291423114, 0.238778953690565, 0.233507602870472, 
0.245649916814575, 0.269677019906343, 0.284987650464654, 0.268421898765206, 
0.267789948964528, 0.26275253369961, 0.266881997793673, 0.266803439208707, 
0.240868381028397, 0.23697301569483), dim = c(100L, 3L)),