list(MSE_matrix = structure(c(0.26260555988267, 0.253956584372681, 
0.263910262718554, 0.264205148538166, 0.25650085743401, 0.262044616980082, 
0.267209773621687, 0.286978104437453, 0.30342220915456, 0.298542772112516, 
0.26061281563702, 0.272010933534036, 0.246561158514252, 0.281470265577126, 
0.267329720550057, 0.273945914460222, 0.259057586990827, 0.276058664618161, 
0.256151581052281, 0.27934500639759, 0.304691869118886, 0.24525746006691, 
0.273974767155997, 0.24264860885131, 0.283730959260358, 0.283713818122841, 
0.265083738028774, 0.231002319250725, 0.242445164275365, 0.272494411296878, 
0.253625051508289, 0.243173540324621, 0.308933882334232, 0.247823985190581, 
0.25545001705253, 0.266477239981405, 0.273359737141948, 0.310929797164267, 
0.261744825991921, 0.253292837488933, 0.246780015162911, 0.252592320410096, 
0.233018105055279, 0.238357139424801, 0.22658589243585, 0.278040945018392, 
0.293397175757802, 0.257526466873777, 0.29521569043991, 0.262925648346791, 
0.239436998592572, 0.27284871892861, 0.271242804563504, 0.294289626217786, 
0.269896222911242, 0.271575101321366, 0.274681881019884, 0.266454018379642, 
0.245539038324606, 0.260235730137119, 0.273565870271178, 0.254920313817541, 
0.269513397701238, 0.247454577302428, 0.252247994463183, 0.25444296334202, 
0.261419189757557, 0.291516674478245, 0.255088189613577, 0.278516779746046, 
0.291410314181923, 0.260748529318461, 0.28748209903364, 0.243116802542446, 
0.248649410906805, 0.237961003692744, 0.252229658211687, 0.238776489692386, 
0.258674674045576, 0.243388841530476, 0.269524601287521, 0.289896483026725, 
0.244727287483144, 0.261361015864206, 0.230399332793566, 0.25091668030722, 
0.235521898855727, 0.267023265470567, 0.273844286551104, 0.297776608513336, 
0.281033122346502, 0.26425504205751, 0.266490056782665, 0.253687014940534, 
0.266760859586149, 0.252781076258998, 0.272747773838003, 0.248380423129326, 
0.247455637598426, 0.270458135531301, 0.250081015891301, 0.225191794157755, 
0.260507835466478, 0.26577915535863, 0.244502719777722, 0.255200646089748, 
0.232418267817334, 0.253585052582114, 0.265884564702359, 0.246821246883173, 
0.261097196205607, 0.273545607707628, 0.232195357337934, 0.275226876667429, 
0.270834881970267, 0.246601817225675, 0.249423306109171, 0.268619291486949, 
0.241670052226341, 0.267620700195693, 0.272564192305, 0.242015675765195, 
0.252454641413483, 0.252121508297121, 0.246812455126265, 0.271831601832366, 
0.24363110422793, 0.233484304530284, 0.251017813892057, 0.233735061960278, 
0.284235652868029, 0.235892581558845, 0.263680474203131, 0.236018988859619, 
0.240951339643016, 0.244487746697043, 0.251608586564905, 0.290076405676581, 
0.246852791752438, 0.238624709775169, 0.228393619548711, 0.253407846849405, 
0.238860225793746, 0.247083381302992, 0.236089728114904, 0.253676973541754, 
0.238886043542472, 0.250971644579405, 0.259667646349404, 0.238415536708774, 
0.237057296135383, 0.254327908334655, 0.245645327894664, 0.261320355746432, 
0.259038048921867, 0.252979752705422, 0.256937642344353, 0.241227249034234, 
0.236766605517601, 0.242875206571191, 0.254320794979544, 0.255957964225504, 
0.267767591619432, 0.242880075049733, 0.252269911480224, 0.23967761806809, 
0.240896709393115, 0.262828820739054, 0.240228119407551, 0.242724892054209, 
0.274974195727155, 0.25528028344516, 0.266704144708927, 0.250960382502813, 
0.248759730630327, 0.233009843621222, 0.247091352636024, 0.235965912117153, 
0.248905563307053, 0.240263272178022, 0.262892678339073, 0.248727680831587, 
0.253691180680532, 0.252815797828263, 0.239778099313099, 0.252464672867204, 
0.238284649575642, 0.242515683342624, 0.268817542554451, 0.254844682422079, 
0.264444961098704, 0.24448011989279, 0.248940557493096, 0.275106392548879, 
0.259903211731123, 0.247986345528685, 0.244617458930089, 0.234178633479095, 
0.250850523060116, 0.269601379499106, 0.261965077498665, 0.238718949964997, 
0.267691472902819, 0.257165308855131, 0.242256234488751, 0.24609522707396, 
0.247277871163007, 0.24830596536737, 0.271514041225498, 0.251421880429985, 
0.242362397266984, 0.258988855566851, 0.234516508760414, 0.284872560075584, 
0.262126576429627, 0.245658335079964, 0.279947764485788, 0.252359101978958, 
0.244407921355649, 0.246409617427257, 0.284927102123935, 0.257822021718915, 
0.264526103124229, 0.252449326205715, 0.282997857664821, 0.266107718812759, 
0.258584429585792, 0.229101809689068, 0.238338119962154, 0.234374436482875, 
0.265032498197127, 0.249266338424158, 0.280400651869857, 0.253281109160876, 
0.249952469501999, 0.238720761949691, 0.257116024875173, 0.299118732431331, 
0.245698852939364, 0.24553779190052, 0.236711592053946, 0.243534086643525, 
0.243009425083088, 0.234210410880444, 0.225942381650821, 0.255215095736026, 
0.236160574236896, 0.2600525690364, 0.259386190863397, 0.22486260961158, 
0.22280523180814, 0.251742684128587, 0.248830087734711, 0.283808672443731, 
0.260233229745265, 0.301944153822238, 0.259869845583903, 0.252311671020499, 
0.236603143427391, 0.27720174731337, 0.250600328433852, 0.249131157425113, 
0.254424475783094, 0.242042902486548, 0.244104422717862, 0.242221555218669, 
0.234787643526115, 0.265436788343184, 0.235775732946056, 0.261288558711907, 
0.267267875101938, 0.243603007062708, 0.2664485720992, 0.259914846986859, 
0.245587520486202, 0.261711215723991, 0.259475224782701, 0.236552936546115, 
0.25039127756593, 0.232702272409027, 0.255960231915126, 0.245578127693562, 
0.238648708319854, 0.247422947960808, 0.229454074383504, 0.245279764355726, 
0.23231044377442, 0.238801728188193, 0.266346647739213, 0.251879126299176, 
0.26051536177973, 0.235449272174184, 0.259326119640929, 0.261715534113697, 
0.267690377950643, 0.247130393400205, 0.247641036754373, 0.238309668203517, 
0.25081363511996, 0.262906606958347), dim = c(100L, 3L)),