list(MSE_matrix = structure(c(0.272732813009425, 0.256459522517909, 
0.238347854707261, 0.263663126506396, 0.265438031723441, 0.255642655543799, 
0.236888108906586, 0.240403614641023, 0.233207315708672, 0.227183830265092, 
0.264816063729073, 0.24161140559564, 0.255403020598963, 0.242632357456742, 
0.226634259971009, 0.23846510521146, 0.250646079300879, 0.25070184083094, 
0.254720269234644, 0.261176394978632, 0.242858849622799, 0.230808541807729, 
0.247735581997916, 0.24973426448808, 0.241185355069007, 0.262381165863603, 
0.243067595589079, 0.254167238945447, 0.251657699514205, 0.239366416502688, 
0.286919464439538, 0.236313477120138, 0.247332410074676, 0.274481701733952, 
0.254189731247899, 0.241865278550665, 0.270411696545378, 0.265875120697077, 
0.255048602865461, 0.241898786840419, 0.270814912943217, 0.25075396234448, 
0.256722597028221, 0.236213289419473, 0.243718580659982, 0.252468417499269, 
0.256651186791969, 0.236917166667503, 0.252079019105297, 0.257995059004947, 
0.238797175171047, 0.247520017606533, 0.245387326312016, 0.259529271006624, 
0.24251240591271, 0.23397218495534, 0.245254955860433, 0.234066155644086, 
0.252921233867368, 0.236870458821592, 0.24551370349246, 0.269461795908866, 
0.224073372734972, 0.244103758326267, 0.261375936724151, 0.251582262186035, 
0.251341176773344, 0.253216038928159, 0.235819804162017, 0.231296045328082, 
0.267451278118697, 0.236978057630107, 0.261404410433977, 0.265542070376425, 
0.275773399085648, 0.236740750307363, 0.267426029393219, 0.262575583681468, 
0.23545560031309, 0.233229559100147, 0.260607492486114, 0.274843846371783, 
0.255429502061632, 0.234063298726547, 0.249319415316873, 0.229028575996858, 
0.266085626761751, 0.236933812314942, 0.240158113756247, 0.233588085763936, 
0.245059644411994, 0.24840983296433, 0.243964439736471, 0.260213042061127, 
0.235858233730588, 0.249569093736189, 0.233969209415858, 0.228200585798793, 
0.238692110901993, 0.234777242507504, 0.23403081499631, 0.244839633702201, 
0.229240598548008, 0.251151825286495, 0.236015574304835, 0.241911236297998, 
0.238124865589634, 0.235466308630592, 0.232803592762443, 0.23159835666961, 
0.236043373344008, 0.253329582096786, 0.258768658172331, 0.243834089275135, 
0.236487799217473, 0.239535350520624, 0.231277726813786, 0.23222939380911, 
0.238150004763178, 0.239843098529424, 0.251277998167987, 0.233837691800019, 
0.2456946550093, 0.246930569331855, 0.239947663855652, 0.25765127229459, 
0.233968642206007, 0.245285311136325, 0.25378305029511, 0.234943860292049, 
0.258191308132878, 0.233209745301839, 0.236418541412733, 0.246088814948447, 
0.242047628122911, 0.24399594405184, 0.241723650235492, 0.245573730830887, 
0.244600963903031, 0.240326210013694, 0.241324816047684, 0.233382824493259, 
0.24573313128564, 0.250842963652834, 0.228756965537487, 0.239140847148211, 
0.252801366887415, 0.242674655935218, 0.24360884134481, 0.234587826832786, 
0.24950443880065, 0.251615368992863, 0.245279989781031, 0.234382666267814, 
0.245272428524561, 0.240450810580396, 0.240041329274851, 0.241026703174087, 
0.236159392460909, 0.23927630724175, 0.242505508419751, 0.24237629665981, 
0.23901865785555, 0.236140443635294, 0.241849952786947, 0.248401586914585, 
0.237082744136502, 0.250130335162619, 0.239871081600038, 0.240149662707123, 
0.257588998106628, 0.250221413827132, 0.244123372145019, 0.236788006048589, 
0.250236792999665, 0.239483026346478, 0.248842400301719, 0.241970818025384, 
0.236535338936811, 0.232066148249636, 0.235119767500163, 0.237382385302342, 
0.238893580991886, 0.229056235955141, 0.241251122581263, 0.244544103312802, 
0.24372452473959, 0.250299812728832, 0.243196024689717, 0.233640405228059, 
0.238572455783673, 0.236235085114733, 0.244773441476086, 0.251715689187905, 
0.227142105882433, 0.247402936650223, 0.236556627212126, 0.239665395141551, 
0.251642229941498, 0.233574437616347, 0.23826992042943, 0.23736948634028, 
0.237390414370093, 0.259885284982553, 0.241920455708547, 0.248532955353312, 
0.238572091461203, 0.230312366075258, 0.226706656624807, 0.245370146067617, 
0.249841121758406, 0.240539093619337, 0.250100576539591, 0.238515902553904, 
0.241001425089361, 0.242169326909509, 0.232054057816299, 0.238827930354423, 
0.253680197053581, 0.252002943599075, 0.241434753953378, 0.236808736056896, 
0.243859988043649, 0.248518368339487, 0.246053187027425, 0.253492103343794, 
0.24399317977481, 0.239230445576619, 0.257793926781694, 0.239313281537515, 
0.254515292629217, 0.235873751587511, 0.251884313215624, 0.248200862691299, 
0.254128266203413, 0.238922283118402, 0.254127633275156, 0.251576886971827, 
0.23824711457796, 0.244595178811357, 0.234977168634831, 0.244433435919414, 
0.252475591991099, 0.236782192118041, 0.234563747738165, 0.259899093326161, 
0.247414552568302, 0.246001538910436, 0.240250337764547, 0.244436869313043, 
0.251205525899151, 0.242272661032405, 0.244046665326453, 0.231794774977425, 
0.242497540781818, 0.23602905598351, 0.248279172794888, 0.245326689249223, 
0.23828360498811, 0.23904758394653, 0.247910316087219, 0.243774641774217, 
0.235235266412507, 0.244820710062039, 0.246688944681687, 0.239251260099297, 
0.234385721751865, 0.244379390539417, 0.233243549003817, 0.248274287271709, 
0.258854115288002, 0.247276814861125, 0.252281010439391, 0.239975976335976, 
0.257145531920998, 0.24051612030845, 0.26922390129913, 0.250150863663292, 
0.236157253235012, 0.235184986559858, 0.23237574462712, 0.254284362522001, 
0.241011810574927, 0.236846253571663, 0.237642402782575, 0.236914400131626, 
0.249949784467287, 0.24529160242821, 0.253137948534145, 0.236552990046595, 
0.236686162482869, 0.234893518807643, 0.249619931105535, 0.259437791534326, 
0.231742025851774, 0.24368779360758, 0.241503903187335, 0.228582397370206, 
0.247023962308371, 0.227441425285303), dim = c(100L, 3L)),