list(MSE_matrix = structure(c(0.26554077870051, 0.248231082605424, 
0.317842581495529, 0.23927689186008, 0.317834334640408, 0.263447405183724, 
0.274211047627226, 0.276075350258151, 0.248388075955248, 0.272776568500958, 
0.259425023483484, 0.297351782173582, 0.281620056465872, 0.281796025253843, 
0.269017716767998, 0.299236270245144, 0.246616666658053, 0.252873648293667, 
0.256795939927649, 0.294621425422214, 0.257960832647522, 0.253916165713769, 
0.281240709349627, 0.239422912514111, 0.258801239205348, 0.25863244443821, 
0.233259413305114, 0.298131460341552, 0.246739351452418, 0.252346203224579, 
0.287511325144304, 0.303943396246784, 0.251889959557097, 0.258019483233244, 
0.259834233387706, 0.280332477365722, 0.234964599069066, 0.236433493572165, 
0.277088243162876, 0.298012319281057, 0.244065915408387, 0.272028399289746, 
0.272222124193955, 0.277045713378728, 0.310560112548729, 0.304606672723547, 
0.272282542779381, 0.294901698407555, 0.253399096287757, 0.258867118919982, 
0.274377708003599, 0.261954871002231, 0.314442332363157, 0.266857585237879, 
0.27433624063157, 0.28926547438662, 0.252865228847097, 0.25880549124338, 
0.274270754595757, 0.289431761322575, 0.27594666212144, 0.250703983220485, 
0.298305738268259, 0.280750988514039, 0.264643345517637, 0.283173455370269, 
0.330536344505077, 0.242172051141663, 0.271218199679086, 0.307718612177296, 
0.304392371247359, 0.306082537618285, 0.267429272449697, 0.289458084514136, 
0.252861314095821, 0.272720275756049, 0.261428171337483, 0.259324872271877, 
0.287007836799897, 0.300120626511585, 0.310841882855663, 0.276463156787407, 
0.271699761178756, 0.228641316862682, 0.276669768454956, 0.270116213614593, 
0.280566973294209, 0.265336911035319, 0.254058071547087, 0.311147963660369, 
0.266072523412063, 0.267768535172654, 0.275653619842644, 0.301073357166, 
0.283289524803564, 0.290575140175333, 0.250827294859131, 0.273530672186037, 
0.280814963533144, 0.271345593405034, 0.252124870849647, 0.233223680400966, 
0.246993695329807, 0.245199412722785, 0.245245312815545, 0.245372680147731, 
0.248274007027889, 0.286715661709973, 0.247470512404579, 0.244113542622192, 
0.264620889225045, 0.244452744941326, 0.2417079959214, 0.267455506758757, 
0.256172802222056, 0.238446469292248, 0.260205490837311, 0.235503032850554, 
0.269864969334001, 0.240025347972492, 0.243457378546007, 0.26276829234636, 
0.233495143099772, 0.232911838314457, 0.25842340683691, 0.254183154672013, 
0.237866454371967, 0.2563557147817, 0.22624669654087, 0.252454047082162, 
0.250740703619459, 0.273940763861024, 0.24949772968863, 0.251032360156163, 
0.236177827845796, 0.271677897220994, 0.25529151390699, 0.255058140969178, 
0.245475325327676, 0.244232464986604, 0.231475107575227, 0.255874349065507, 
0.267118312006368, 0.254464842228104, 0.270188620498312, 0.266308803565711, 
0.246877742953998, 0.247654799000513, 0.24892151918159, 0.2366802241631, 
0.267925106308575, 0.260513241709059, 0.293554709932687, 0.256279940813535, 
0.252287617105859, 0.264401622093573, 0.244142360595788, 0.257825935199262, 
0.274781437530369, 0.271258356076271, 0.263183682138701, 0.253157981510033, 
0.288108210278227, 0.281638322558717, 0.243474509426919, 0.254982036338968, 
0.25765080317659, 0.242116127983092, 0.2578538616078, 0.25102098400351, 
0.285318529277691, 0.292544413233951, 0.253524984420116, 0.236070238712666, 
0.253593658693195, 0.244993577552586, 0.254658666710014, 0.243677885178793, 
0.266896437913754, 0.281799532245597, 0.259954574429508, 0.256313798195837, 
0.257339004746169, 0.238447443178364, 0.250748647611312, 0.259451891534285, 
0.248888389433167, 0.245397978898219, 0.245519968282087, 0.277794237115604, 
0.244165456893347, 0.234403292250812, 0.264157303698148, 0.268975600618213, 
0.226397370167703, 0.253289694023694, 0.23830116608907, 0.277398706687037, 
0.249822920911745, 0.245343570560056, 0.266904254285693, 0.231384902521658, 
0.241291524566978, 0.248567010026873, 0.25021226190386, 0.250440488645917, 
0.246482456794222, 0.279874659644967, 0.244476583077666, 0.251169972853702, 
0.255317686053626, 0.247315318320938, 0.235816321674249, 0.251670026043772, 
0.248846858226335, 0.263547452739943, 0.269256059882727, 0.256655968802264, 
0.241210112220241, 0.248138482298801, 0.244748084829864, 0.257913963308218, 
0.237972351471433, 0.234573837520679, 0.234321117041, 0.266283591109298, 
0.238533667190555, 0.248728251370528, 0.235899421347285, 0.245072716966679, 
0.25959656634268, 0.291220351726335, 0.247094553792952, 0.244760577594645, 
0.24438162797052, 0.255966350757199, 0.247082937534371, 0.244331562117048, 
0.235860573496687, 0.243683536169396, 0.242959412372526, 0.237868274058816, 
0.270096129767949, 0.241987872650658, 0.290263273071686, 0.276063515136823, 
0.242564930651687, 0.256566778895351, 0.242893221572029, 0.238562137041924, 
0.244793199971771, 0.233586797323237, 0.28224672090235, 0.247677321419489, 
0.239113711955915, 0.271111643690654, 0.255108660798617, 0.236717603142956, 
0.264777352479667, 0.239628810144327, 0.262969693309443, 0.258017453990743, 
0.273461178008569, 0.28407264545397, 0.254417692821944, 0.259217580068736, 
0.260555827061744, 0.269661320183269, 0.247540721623206, 0.261027241295856, 
0.28330679672447, 0.292345901117434, 0.238964036745697, 0.253155049997497, 
0.256225499270663, 0.25580616828177, 0.272925415890276, 0.243811054610254, 
0.274248224875877, 0.264480068724258, 0.254628846963289, 0.273984226586953, 
0.246870986088032, 0.23664023633154, 0.247471179435673, 0.279779031425173, 
0.248097294272391, 0.25456194704471, 0.256254429774154, 0.265667126023763, 
0.237512694361117, 0.241453744409533, 0.245654044359984, 0.260278445106068, 
0.238320524406593, 0.250968865403015, 0.23858764832823, 0.255701006596119, 
0.251332986955444, 0.243673979514335), dim = c(100L, 3L)),