list(MSE_matrix = structure(c(0.251472714454523, 0.256292726429637, 
0.266791390169461, 0.254805710267465, 0.266873499549468, 0.255254022471477, 
0.227750734686231, 0.277146628321622, 0.262759593691326, 0.266037477273268, 
0.255300850212228, 0.25622112478046, 0.24408905779549, 0.266034935861886, 
0.264168520312336, 0.276071649537269, 0.315948228137471, 0.27715459929939, 
0.26292212528628, 0.243942885819661, 0.24175922928508, 0.278150672900017, 
0.244366054832395, 0.264049955131815, 0.25555992294481, 0.242311883609775, 
0.230606614959195, 0.273358549378646, 0.240321066678857, 0.25835356785628, 
0.233118669898663, 0.258441356427972, 0.262312959053749, 0.233235360005847, 
0.255906346943416, 0.249046907215031, 0.22999137824886, 0.239438408764744, 
0.244713191077408, 0.263544942922301, 0.247222543712434, 0.246721896106972, 
0.242732914192605, 0.249702865188723, 0.25152405950612, 0.267562016768673, 
0.256311638459456, 0.243722357955587, 0.257507848904641, 0.279984369464093, 
0.230849365765743, 0.235789241599699, 0.248309663402915, 0.25504973955057, 
0.247216336368537, 0.257508538256724, 0.247316550512348, 0.259770294995549, 
0.263841276475671, 0.249391807040024, 0.23836396511366, 0.277086243336455, 
0.246725307559193, 0.225580200596059, 0.27469445539252, 0.248358692928497, 
0.231060271650396, 0.2648186653504, 0.244676737622255, 0.237114272501406, 
0.246810759328575, 0.282659402106055, 0.240480496781867, 0.255934181712421, 
0.249312364461856, 0.246350815107254, 0.259171129543623, 0.237205287998998, 
0.273636820558692, 0.248807043996561, 0.249756131509612, 0.243989189178638, 
0.259051220036476, 0.223300625199031, 0.25218845623092, 0.24006393339498, 
0.249688728846565, 0.274837349500121, 0.252462496512732, 0.275144301219291, 
0.287045046935795, 0.248463571285303, 0.246247825006925, 0.243103106496026, 
0.25377172736424, 0.267624782813983, 0.248508996694306, 0.262958584016371, 
0.257865952719653, 0.237691112899858, 0.237668838428294, 0.268300611413419, 
0.235624986458236, 0.264622390072483, 0.247274674702509, 0.244313096864301, 
0.225550976458951, 0.237295595357522, 0.24880594092943, 0.245693844915606, 
0.250255420978179, 0.253965247240941, 0.231492841969702, 0.246479512505778, 
0.249567464556429, 0.246675569908153, 0.274611365222611, 0.264170028763209, 
0.240437364306876, 0.238241923898957, 0.234809696489099, 0.234776245135148, 
0.229090887020889, 0.253960883090562, 0.249502834199872, 0.231496193547784, 
0.232858242529249, 0.248872071773544, 0.243726426419903, 0.241268504237028, 
0.223384414248696, 0.254979245315257, 0.231035508861943, 0.233945128507941, 
0.235941551067689, 0.237741405510866, 0.233634030159539, 0.229045547178093, 
0.250920429205173, 0.248693908448403, 0.22676148443705, 0.232644845996359, 
0.23291795434991, 0.232516622597843, 0.239062518435966, 0.242379614563837, 
0.277324448177017, 0.231813095923946, 0.241122406091158, 0.259333926014816, 
0.227839867372173, 0.240542936427515, 0.238745115695275, 0.24263484741496, 
0.238518606567563, 0.250663973976065, 0.240543708337421, 0.247201261297335, 
0.247109636807981, 0.240934245056348, 0.244723308823078, 0.25727300538157, 
0.244384387646597, 0.239021856919909, 0.244067856318135, 0.22885545371461, 
0.230722543894292, 0.241812346186298, 0.232319729566468, 0.246100256642995, 
0.228331830538364, 0.243551623961022, 0.241371693607891, 0.239724296873254, 
0.233998613708483, 0.252248912928631, 0.25024334940153, 0.22934404077374, 
0.24779763344622, 0.23734106629888, 0.236429065810291, 0.228877486920235, 
0.24409521067213, 0.222843437041167, 0.25301084618637, 0.224589830556021, 
0.227325071802916, 0.283060449346696, 0.239250749701973, 0.253180667601502, 
0.249568522779607, 0.261136858264196, 0.241919479053662, 0.2396729963136, 
0.244002256987734, 0.264857467283481, 0.241320568296617, 0.251399864904405, 
0.248500387146257, 0.245136545877369, 0.236423283238017, 0.258717725215426, 
0.249447271924594, 0.255508408926004, 0.249911490529369, 0.248252760888272, 
0.220346469901615, 0.248588744793245, 0.253477465502472, 0.25106635359843, 
0.24486490412903, 0.240492721210278, 0.233203274959715, 0.249800271512134, 
0.253397430600581, 0.247157675274576, 0.281286643352728, 0.253780236128616, 
0.239786972440643, 0.238633021425381, 0.230496481176089, 0.241995126732382, 
0.230436801426847, 0.239517652820754, 0.247691049384339, 0.242882586065947, 
0.226037633127947, 0.250257013363291, 0.250029366130535, 0.236537105925521, 
0.229800339381376, 0.247235963024213, 0.227544393936332, 0.23262901592557, 
0.230164310074039, 0.24277689541336, 0.230101174878097, 0.227059955711009, 
0.231634836178032, 0.247141724591621, 0.229282960336827, 0.225729579316215, 
0.237432771063597, 0.231503987046324, 0.239872244428404, 0.242527807928316, 
0.263636649021051, 0.228566202694851, 0.246060866938268, 0.245766782887706, 
0.235785962867728, 0.235287031189112, 0.241024082179597, 0.246226619226337, 
0.244438398236338, 0.248110852022215, 0.240990905462623, 0.241054952100724, 
0.237920958571775, 0.237460685585945, 0.239823940789359, 0.238274699464416, 
0.248770829695537, 0.241454599918258, 0.247694294914039, 0.239600762122459, 
0.228164304527005, 0.253091128470806, 0.239314769423152, 0.257713232789148, 
0.224374045277225, 0.256277177967705, 0.240302394701521, 0.243267771514342, 
0.239880607527556, 0.240717126168973, 0.259338906903325, 0.228485457521477, 
0.272153059027766, 0.234483887859406, 0.238557106043445, 0.226699351332939, 
0.236191903198701, 0.224280991011455, 0.23309997631973, 0.232207152060541, 
0.239958066598251, 0.260596848709382, 0.245275588714487, 0.251829103135778, 
0.25136458335341, 0.252232681504908, 0.233336934201153, 0.231111211325181, 
0.243799607775743, 0.246512456243318, 0.236545900945932, 0.253937004571871, 
0.247280185266923, 0.241086796858843), dim = c(100L, 3L)),