list(MSE_matrix = structure(c(0.272732813009425, 0.250596413488231, 
0.284607834445013, 0.235396468874853, 0.262293195447766, 0.254596297656786, 
0.26265239552505, 0.235978145946015, 0.253190054868338, 0.251853818698469, 
0.287948914339547, 0.267284549043578, 0.23093522154444, 0.23558039188414, 
0.236611681644519, 0.243287600144204, 0.251621246568624, 0.274239191897257, 
0.245275930382201, 0.254908830530592, 0.245067696305044, 0.238641304836244, 
0.249960843666651, 0.273317957770487, 0.245406119341679, 0.248470289038518, 
0.252497941014195, 0.263764871667672, 0.266796175369483, 0.260012609454068, 
0.234367127864569, 0.250055948413615, 0.259282613231664, 0.245404238806773, 
0.24531809308938, 0.236187267694844, 0.228875672869436, 0.235534514695115, 
0.244608860943839, 0.25762312920151, 0.246476291753619, 0.236390524516457, 
0.241661390494458, 0.23670274893733, 0.250257736391815, 0.277944643526233, 
0.256376091751955, 0.274422347074046, 0.260392051284412, 0.278327956927259, 
0.241133147834648, 0.240755813532774, 0.247804526344441, 0.236576986334968, 
0.268237461001884, 0.220182867711607, 0.23468612883899, 0.231844587464537, 
0.26729574426977, 0.224204046217179, 0.272254363306371, 0.23549048975363, 
0.243307510655589, 0.243169247311365, 0.237722376380323, 0.269448799713174, 
0.270498001826182, 0.269770225050948, 0.243266744719431, 0.261437302168148, 
0.248306024421513, 0.225653568013517, 0.244844863739885, 0.256086283306818, 
0.240249391752957, 0.259353017779144, 0.242314334625813, 0.262724913796666, 
0.24458864538388, 0.267349174204492, 0.231514326327083, 0.257521970398731, 
0.248048684412106, 0.294908899707727, 0.260978512068342, 0.2524460596233, 
0.245352868411006, 0.259826793544594, 0.238014238802702, 0.257473265292458, 
0.261868071385174, 0.251357613179635, 0.259883853667833, 0.234508801953073, 
0.2774263290054, 0.245694765519225, 0.262126411204975, 0.231274503549223, 
0.252319779458257, 0.267201128583944, 0.244146330607948, 0.2423132106219, 
0.271069052496331, 0.23725492404627, 0.255668492890714, 0.241078171743479, 
0.243982591977954, 0.226937011042659, 0.248908684887059, 0.264043020719567, 
0.265370801408476, 0.232163978319713, 0.223140723565226, 0.25668220121842, 
0.230117064049989, 0.247371447209151, 0.256548690375998, 0.243056211421239, 
0.235939198325815, 0.287892935347172, 0.235255045838572, 0.250603895838205, 
0.238960216901793, 0.281596583344137, 0.25916996344614, 0.244812695611871, 
0.247885022114396, 0.249362320334317, 0.271745953586828, 0.245051368812819, 
0.24519866543868, 0.265413505277061, 0.241815265735925, 0.259312723690199, 
0.232149088871312, 0.245832052390437, 0.245828055279926, 0.246088331906506, 
0.243893440900106, 0.258135140597168, 0.25270046870534, 0.236615838457471, 
0.224589837701825, 0.235584626390897, 0.248344493115594, 0.233522535481552, 
0.233763633822654, 0.243837803566483, 0.255859678032999, 0.280733582602593, 
0.255265886206411, 0.25205313287575, 0.27216831426265, 0.23725063698157, 
0.261004606772522, 0.232836021780376, 0.256903284781064, 0.23207027081872, 
0.243234134030681, 0.222925486912142, 0.229875140082812, 0.247826850979155, 
0.23815995726049, 0.242736640334739, 0.225159436787366, 0.284577661603368, 
0.249050933558922, 0.252351810369655, 0.257233686918013, 0.275664573106924, 
0.234594626393482, 0.222277977151683, 0.227951529432124, 0.234870151664508, 
0.255635722326186, 0.229761468619421, 0.240540599802848, 0.255902009096108, 
0.244019532231792, 0.283458597677077, 0.234856080073188, 0.240840376139432, 
0.252925421008898, 0.267709938192316, 0.249363846341311, 0.24274871740249, 
0.238138528524043, 0.233633326770773, 0.244201976808786, 0.227672129298839, 
0.265244144511643, 0.271862570112372, 0.254872155516735, 0.250181725904698, 
0.246504915294031, 0.238728114764094, 0.250093917545414, 0.242100187609059, 
0.225410666315605, 0.271679985362791, 0.235868386501347, 0.246603238869149, 
0.267205401500653, 0.266425354395964, 0.255664903690542, 0.270548029288778, 
0.257077878205484, 0.252561189267477, 0.259998362402909, 0.258168330235967, 
0.297265254944039, 0.267308229070865, 0.241099391507577, 0.26933591815071, 
0.220493429706033, 0.248839630929779, 0.246281513442312, 0.252890084281384, 
0.238033775753324, 0.251038906519765, 0.253147834811037, 0.253803869996653, 
0.255665147374448, 0.261069553578026, 0.248636153164206, 0.241518778365177, 
0.254610449338399, 0.255182203405559, 0.238306747502617, 0.240501898006206, 
0.252022861788154, 0.251834972742714, 0.230103233843427, 0.250767758651593, 
0.243779875427371, 0.228712556518655, 0.241479429260366, 0.258968852298175, 
0.243952217742612, 0.275300652657675, 0.236414091580892, 0.247025273505152, 
0.252278234012748, 0.240813722555073, 0.247377075008029, 0.238253494223452, 
0.251632135392761, 0.234008244744524, 0.240719719312447, 0.276985266059453, 
0.237215281467106, 0.237783887783774, 0.240768248722884, 0.231725431302321, 
0.246480525053541, 0.225751865992635, 0.250480153084049, 0.23599761745235, 
0.250214301228657, 0.230802862673395, 0.248940357776525, 0.248035481205809, 
0.25422262807974, 0.271247785455554, 0.222171879968344, 0.291959993634727, 
0.231975431572492, 0.255210631299418, 0.246355978394372, 0.263656846673478, 
0.237868168991391, 0.227961648196219, 0.25082326004422, 0.253335258432714, 
0.23669204919921, 0.248960237152682, 0.241872387548312, 0.229486900494239, 
0.235316669326318, 0.305340203913394, 0.23806951765052, 0.253065836057751, 
0.265638299416781, 0.280280286428921, 0.279020243915341, 0.246389501052062, 
0.236521852674607, 0.25747168364901, 0.248557257155235, 0.234213475315735, 
0.252034845665385, 0.266914911157009, 0.23794655881703, 0.23177395170518, 
0.23837840024755, 0.247572735753195, 0.256866485135892, 0.218731846208352, 
0.242729153547021, 0.249779100801803), dim = c(100L, 3L)),