list(MSE_matrix = structure(c(0.26554077870051, 0.244647685633037, 
0.272371260388453, 0.287179872366416, 0.275066449975942, 0.370065435026418, 
0.245253067369166, 0.269867919014504, 0.250347871508143, 0.2370690411041, 
0.288803552983322, 0.307448066544697, 0.28535138170694, 0.262956423800231, 
0.28179922927584, 0.343925930207032, 0.267662089815271, 0.299373491249903, 
0.271613483905634, 0.304936935669974, 0.303449766753174, 0.296113506963835, 
0.291214164005083, 0.257832432200595, 0.288375893794497, 0.240707296633581, 
0.269939855505411, 0.270859443801427, 0.250959162763137, 0.27474971735555, 
0.275422452286552, 0.2559047407371, 0.301636121968389, 0.256076556478571, 
0.262465267716225, 0.254609840061386, 0.242299279964157, 0.240650155788104, 
0.27808434525765, 0.288785966361884, 0.329437972229119, 0.291310339752576, 
0.274590859064328, 0.246941434436144, 0.293583674641596, 0.26910063980557, 
0.26924790706052, 0.2312200442948, 0.273081402444571, 0.281166307770958, 
0.271237777489957, 0.268482298962843, 0.26557144779164, 0.248968995634934, 
0.229546904767611, 0.253028124384012, 0.290673819975791, 0.251252323532225, 
0.246958282985246, 0.287043632487137, 0.270862277660533, 0.289508180176514, 
0.271098849986365, 0.24533144684599, 0.25010091030084, 0.269612440932873, 
0.28420318301841, 0.270921940758137, 0.311215025888567, 0.280851237294292, 
0.278995523550422, 0.236761599142536, 0.261751880913807, 0.300442143442116, 
0.224319349269676, 0.248949246137704, 0.269621900595048, 0.283229999081759, 
0.314266404961933, 0.261541424888116, 0.255393607850897, 0.249016456550544, 
0.293845928552688, 0.263745838891819, 0.278335839542259, 0.261421057908357, 
0.290653371480843, 0.266703543499939, 0.29144082177339, 0.320619118357174, 
0.33873575339294, 0.300798530116665, 0.245906690888144, 0.270364878033372, 
0.291369162746069, 0.25518318738493, 0.297704195970101, 0.242786229050003, 
0.291873908675513, 0.256131302308443, 0.254829432493993, 0.227315218081399, 
0.236302627187854, 0.247188658720818, 0.254879005147399, 0.298492938489167, 
0.240204352346307, 0.25737053826337, 0.244568433018412, 0.23645417980423, 
0.260469204460116, 0.259079416830113, 0.243706105977128, 0.241725914745292, 
0.266625478241332, 0.305754566394807, 0.265752462641888, 0.259423567789799, 
0.249348819187912, 0.276737869637743, 0.254291395051889, 0.248501423128159, 
0.281241585528913, 0.246789045564712, 0.268740411873137, 0.232043812880767, 
0.258362935180975, 0.268747831676824, 0.231006947711667, 0.255571690389531, 
0.25322651995827, 0.238422774472101, 0.237372257074757, 0.232492248139088, 
0.240481137183474, 0.248887492150476, 0.236285391191733, 0.243162166309507, 
0.254041435300283, 0.247123249803235, 0.253807650730478, 0.257120308175655, 
0.270247060624108, 0.252305711284943, 0.261246752205477, 0.237860161071991, 
0.25486960531229, 0.231242343610245, 0.243566170904391, 0.258616490107131, 
0.26415135474602, 0.24011086397569, 0.245491474113231, 0.236830325301048, 
0.237426924867184, 0.246123275779687, 0.256773941467443, 0.234182503996566, 
0.231619995406293, 0.264236531845334, 0.264401417723367, 0.249583636852969, 
0.269416062431834, 0.233512014897916, 0.227162634250715, 0.236490225070931, 
0.257217306272578, 0.266922620505454, 0.277548392512494, 0.253498349495427, 
0.259420016589719, 0.228462052256074, 0.256345266441007, 0.257080082191773, 
0.226378395200551, 0.24469488800884, 0.23451170595393, 0.251796181818009, 
0.249139974669705, 0.245894831122949, 0.251980182999486, 0.2425990749665, 
0.250377340914075, 0.252049862205239, 0.242971769381807, 0.248716802999489, 
0.259578725484625, 0.264026608845545, 0.244205958240893, 0.278400419621357, 
0.310521894947583, 0.266338749951983, 0.251467214013661, 0.250438943385048, 
0.264979376877791, 0.243346817201132, 0.268490238601661, 0.224393229806468, 
0.232033769100579, 0.259645160895568, 0.251824753593718, 0.223715241586991, 
0.232863905717328, 0.247153012365782, 0.264218874707955, 0.311414267686854, 
0.245769456744661, 0.258051049921552, 0.243877753059387, 0.23409343915406, 
0.255103122453128, 0.268886995968856, 0.258774165158804, 0.244030094947226, 
0.264995181595403, 0.311848760139155, 0.249735908986837, 0.25352211550517, 
0.252899829537463, 0.272499605281588, 0.250304041824039, 0.2457834694512, 
0.26896003448305, 0.244460676278037, 0.256696589318585, 0.233865752962601, 
0.251602479925563, 0.256495426612379, 0.235245747671059, 0.259708981036265, 
0.244943450316029, 0.245241221612723, 0.232502651757419, 0.243129241794098, 
0.246293306244556, 0.239200673011222, 0.244452257875872, 0.239608375972291, 
0.260893287359234, 0.243788277527479, 0.256776876454162, 0.252542196720613, 
0.272940002647432, 0.249746483550255, 0.277335681179878, 0.245734888208298, 
0.247465836547297, 0.228943229713539, 0.243419002514961, 0.270821308997055, 
0.256684706595735, 0.238352354840447, 0.241981132405419, 0.22898152376552, 
0.237549126917316, 0.247262150861544, 0.259645415732594, 0.236047856359115, 
0.254885163950157, 0.257470026505072, 0.257646445359508, 0.255639391001041, 
0.255022942740212, 0.228704604167007, 0.234505233937653, 0.232762595196757, 
0.268121009090516, 0.258054326756075, 0.275791352328803, 0.263405407981965, 
0.237340732608674, 0.224110031763368, 0.257728414707966, 0.26873932997103, 
0.228976447000349, 0.249872939721796, 0.245687964875245, 0.255559443106576, 
0.249848306333715, 0.242770457939951, 0.256639399056179, 0.249195134962786, 
0.24475480912191, 0.251628799151084, 0.239084309746036, 0.243856373808712, 
0.255553343649693, 0.255513813939624, 0.26578006276498, 0.265799489133995, 
0.301841995869826, 0.267729627755234, 0.255977235992653, 0.23950054163486, 
0.272206953230912, 0.233303235068542, 0.272904785011151, 0.222437010967705, 
0.231483103551806, 0.25682282215761), dim = c(100L, 3L)),