list(MSE_matrix = structure(c(0.251472714454523, 0.252246172435837, 
0.257941146539601, 0.25464074204295, 0.290831258515946, 0.288171854060724, 
0.251060055331019, 0.247324864292587, 0.259097059556913, 0.256272880460619, 
0.304512131503672, 0.281232511913424, 0.249059930940657, 0.276952510548598, 
0.231998002198409, 0.259482587077639, 0.267859613148448, 0.280863390515403, 
0.313614741321319, 0.247000134329331, 0.267359564561608, 0.24479713189918, 
0.313735294006427, 0.228977984423571, 0.253134117218365, 0.254760991444952, 
0.221560817353243, 0.314369751721955, 0.237545580061246, 0.249663814650259, 
0.256143028347367, 0.233416408206598, 0.260421637988614, 0.245353095053183, 
0.245458048613804, 0.269596118028458, 0.250225866580917, 0.261018190884694, 
0.253431442698958, 0.243522128281124, 0.242437340931593, 0.249233951889221, 
0.24200076677781, 0.243578403541193, 0.255067855331037, 0.237171067280032, 
0.27192495767785, 0.244397082245891, 0.260807074396213, 0.260328622413744, 
0.269255681768958, 0.236037253808644, 0.247004586022444, 0.253242624730831, 
0.232430567476058, 0.260371410654402, 0.247726818558951, 0.234876079459858, 
0.254458138303327, 0.255187874382305, 0.239560730245851, 0.265407815870201, 
0.260922134849031, 0.273689728674333, 0.275406386607999, 0.238625670563707, 
0.262575133055536, 0.250517652496866, 0.297784078907871, 0.270294925946061, 
0.24129004521379, 0.23384140918689, 0.274202915393841, 0.269388574948649, 
0.239632294123206, 0.267604518372947, 0.286958038059247, 0.245631213526953, 
0.239687529476053, 0.256834794142831, 0.242400251820887, 0.299493023765617, 
0.246884170051373, 0.265696935376256, 0.261671637379713, 0.237055514086522, 
0.237015681986594, 0.266706461427866, 0.267287015224669, 0.250309121473541, 
0.229711949674789, 0.252283820064679, 0.242851795595817, 0.242477476198229, 
0.242658242798875, 0.246035202454066, 0.245732212570185, 0.25108950049808, 
0.268311325672445, 0.259433056680821, 0.244791769538359, 0.254059656114253, 
0.242769393841071, 0.247881960396559, 0.263128414710363, 0.236304114940625, 
0.242431519284333, 0.249005104353607, 0.238395080538385, 0.244295145596048, 
0.248714490016059, 0.253156957735798, 0.240388732901231, 0.253173470575174, 
0.223473772644285, 0.251012416471942, 0.252507686044005, 0.256643607175073, 
0.25775509563524, 0.230086842893976, 0.250046691691194, 0.224863955415076, 
0.242529593211238, 0.236138152856639, 0.236951447219841, 0.251221938509487, 
0.222640472415567, 0.242262436070006, 0.237851892331351, 0.248231245157133, 
0.248633851632013, 0.229226789731887, 0.249595658840932, 0.251260056703774, 
0.248208511335149, 0.256941065319421, 0.253212821004333, 0.240267503892669, 
0.239835714690799, 0.231890320104747, 0.237553537419383, 0.256903161317084, 
0.256820535166811, 0.238462681226666, 0.250754470740539, 0.236760402534641, 
0.241122850200843, 0.243241720563734, 0.238865126269836, 0.23282951008489, 
0.246006707166853, 0.237259297983854, 0.235024830866465, 0.250621559130879, 
0.226672822212239, 0.234900454293634, 0.241644143920453, 0.229162521857027, 
0.247120007492669, 0.246824760981742, 0.243749472226129, 0.275662127924388, 
0.243091646611654, 0.235095397354319, 0.262343868613, 0.24051738954891, 
0.247573389267935, 0.23579876437462, 0.24915800130118, 0.242077815234462, 
0.233337676020777, 0.231676241056261, 0.235485017841236, 0.247913649330827, 
0.228180966384315, 0.247046614883064, 0.288797782503407, 0.252888662970135, 
0.236264436194645, 0.245749970210202, 0.237908633248534, 0.282177709273503, 
0.237476324731468, 0.256064162219279, 0.261426035901509, 0.246813671556274, 
0.234015300741826, 0.252514925696687, 0.239809262121438, 0.244397135775052, 
0.227267394315631, 0.23419156749823, 0.233679501243477, 0.224609406160093, 
0.260730298287403, 0.234353084569222, 0.237440765769111, 0.238845250388446, 
0.262986207507095, 0.244144865133958, 0.23388203560849, 0.248958614211457, 
0.242462289838658, 0.242695720873597, 0.261610334317026, 0.239538585286923, 
0.248558874142951, 0.231981834818251, 0.235559841375122, 0.232991087217134, 
0.249417419722281, 0.233519263177846, 0.235727454370633, 0.262657386642781, 
0.237365524276083, 0.243788502008928, 0.247257286574044, 0.264365337523288, 
0.25656180899559, 0.230939667752032, 0.259467431875399, 0.249711007357874, 
0.249127924996122, 0.231130217875755, 0.232235730680878, 0.243264907347123, 
0.231181204568916, 0.256827225784464, 0.24036143975144, 0.250371512787477, 
0.235596075116271, 0.227388432273324, 0.234171882781079, 0.249665932178498, 
0.252024394990639, 0.230206727323932, 0.259261924655287, 0.234549426095082, 
0.243125267584419, 0.248140667964558, 0.237858865893803, 0.250767936904044, 
0.240567064824359, 0.240474344901035, 0.23732980729724, 0.232379692377892, 
0.249334251045799, 0.243559794938738, 0.243400246271949, 0.236253672389987, 
0.244560826038852, 0.225278768700798, 0.238439017514976, 0.242165408866938, 
0.224571887782535, 0.238573486658063, 0.240630747148854, 0.234274970996896, 
0.248339926942013, 0.243516706939663, 0.230007565815781, 0.249805012296484, 
0.23724460012313, 0.239864994600802, 0.266230189803201, 0.234815450703464, 
0.250147532454942, 0.249888375606585, 0.280900784360193, 0.23741698610129, 
0.223426143651334, 0.239089330847226, 0.256653146451402, 0.257554804321357, 
0.251941347769011, 0.24316597078715, 0.261464969320011, 0.239861976046938, 
0.237505794397189, 0.260246167892224, 0.231329634001213, 0.271356410282192, 
0.233682334605951, 0.268201105304871, 0.253684576576317, 0.247234090511769, 
0.239629245160505, 0.250821721918856, 0.234234613535222, 0.243326091977581, 
0.233630324069711, 0.240825809742747, 0.242346910891866, 0.234043909149704, 
0.250155993960615, 0.247618402935257, 0.233032666261139, 0.242793371485524, 
0.230170760287542, 0.241682146874276), dim = c(100L, 3L)),