list(MSE_matrix = structure(c(0.26554077870051, 0.242548789358494, 
0.34541323419115, 0.259535180302285, 0.272774617503192, 0.270427353246024, 
0.27505922036051, 0.249407277298479, 0.27976135910261, 0.3084420380236, 
0.282408815402312, 0.28676441214158, 0.343254875595225, 0.258837934871698, 
0.283038285029221, 0.260061677953156, 0.269069704149066, 0.260751194846109, 
0.266644421221861, 0.244543222464712, 0.280045252670949, 0.309066423514162, 
0.273727590420889, 0.263748830200055, 0.280802833170901, 0.247765562622563, 
0.253031327914906, 0.253916202090754, 0.308532990070804, 0.244269229164714, 
0.285706970826911, 0.306610623664491, 0.274357075405279, 0.262605559553515, 
0.314051762917023, 0.289537425565804, 0.240375038603045, 0.285915543625914, 
0.310730733509441, 0.271703721105887, 0.24212688423, 0.305028292011169, 
0.324958287346421, 0.258221239249648, 0.300303897299848, 0.272416698431529, 
0.294065392940816, 0.274040996348963, 0.291400829673426, 0.29974926861376, 
0.284870635829555, 0.268375650323394, 0.299229124250988, 0.240471905224311, 
0.264802287852696, 0.292258039266512, 0.243708797869267, 0.274168796821271, 
0.284620444178365, 0.250087159475291, 0.262154382194365, 0.265129376879058, 
0.289017737604514, 0.242698689856959, 0.24989808196377, 0.316183398506728, 
0.267887192047211, 0.305169340092538, 0.289371471621876, 0.274263365201111, 
0.250790695077304, 0.281887339378358, 0.242818394161256, 0.26293218620093, 
0.278385470417691, 0.268283783297808, 0.264327986769735, 0.244163484661195, 
0.281327135346252, 0.317539025163846, 0.260528031968025, 0.270854895650627, 
0.242172051141663, 0.291705302931375, 0.260284934005021, 0.285006067399677, 
0.279961106491155, 0.348794142950719, 0.259386355652613, 0.288072705026909, 
0.255486221833208, 0.251912783543573, 0.305620364216631, 0.249414003520192, 
0.247355610125233, 0.293992115364898, 0.275078036914322, 0.274815416957704, 
0.249017840415733, 0.245348724293579, 0.246639986484586, 0.220818789178218, 
0.259743833350248, 0.246470124980885, 0.258200223181344, 0.263585259912841, 
0.283389205154018, 0.257620097780971, 0.295568444102523, 0.309066907758632, 
0.265554114331849, 0.252070519354006, 0.284920418060296, 0.254439911539857, 
0.230818977281958, 0.251328651444376, 0.269020072070465, 0.242178347574958, 
0.269112089789284, 0.286438192789205, 0.280084919825233, 0.265615098309984, 
0.283499828146693, 0.25335848795094, 0.244994952305089, 0.252816459394108, 
0.240706513865448, 0.230088137141374, 0.288861213287172, 0.23418254117595, 
0.23983918833057, 0.248369847621032, 0.258164343794388, 0.238361726150088, 
0.24723744981972, 0.263325033535154, 0.236231225006224, 0.272610960566224, 
0.244939166316078, 0.265378065418468, 0.235663021499811, 0.258209366603214, 
0.256799982184444, 0.251994246677781, 0.281142000303968, 0.272191952433687, 
0.278695914908363, 0.26023545733605, 0.24306992563516, 0.259441047602604, 
0.271763396766275, 0.259742627169581, 0.269231277035928, 0.240837449452038, 
0.279173301424742, 0.245062674635639, 0.230318605525481, 0.23560474237668, 
0.244692177456004, 0.257069932758745, 0.235417442362125, 0.241690683552293, 
0.260980500272147, 0.246940217314344, 0.258078219918721, 0.270011443048315, 
0.248996911283403, 0.268327672188298, 0.253888075932747, 0.251428012364959, 
0.236562707583202, 0.247268702232407, 0.233643745160238, 0.250725984399452, 
0.251922340327289, 0.246227832896292, 0.249330325771618, 0.243231425764374, 
0.265514441302067, 0.267613681512328, 0.23988448666655, 0.246722745569935, 
0.257308866881293, 0.252557801615676, 0.247031796935109, 0.234503374255452, 
0.27284280650186, 0.309901113372641, 0.244392855548076, 0.251341082250247, 
0.252101972636787, 0.25162449736238, 0.250417256841748, 0.25445102123478, 
0.247812394116756, 0.279324822759214, 0.247683848323457, 0.254412136211314, 
0.240347328785248, 0.258040245733543, 0.26350603174241, 0.224454622200659, 
0.252200656375173, 0.242222172265288, 0.252318989063193, 0.259420181012949, 
0.264412002784327, 0.260586232588608, 0.266241773637923, 0.262556020889401, 
0.259341066860578, 0.238847928461127, 0.28936508685121, 0.256998656994826, 
0.242746087758596, 0.253930427674327, 0.253142824989025, 0.230015976027487, 
0.250012016515477, 0.263954583880171, 0.263507883525009, 0.294620972697601, 
0.252978440598113, 0.237107010013745, 0.252540308143053, 0.240794131972238, 
0.255166987275408, 0.2405905281016, 0.258430169840112, 0.24612895160627, 
0.265223812045335, 0.247618815930785, 0.247428781246948, 0.246699447974869, 
0.286030890833787, 0.283327076313189, 0.238006385482409, 0.262554670959369, 
0.237777075445827, 0.268378335715634, 0.233967311902164, 0.253663570948774, 
0.258957201651694, 0.266320445567816, 0.269379358731095, 0.299904401005648, 
0.26204119888677, 0.253058710502193, 0.246478722254835, 0.250632050833524, 
0.245209835054559, 0.293300635899898, 0.254575448998566, 0.269176424319396, 
0.242953128021645, 0.246256771569208, 0.241651894566356, 0.25275773139783, 
0.258036506718607, 0.241938145847075, 0.24077945678281, 0.248476208492049, 
0.280281430854451, 0.233653279278275, 0.227958342211306, 0.245617402613714, 
0.250537028001811, 0.243352889454982, 0.241036475904171, 0.262092093246194, 
0.243105303434178, 0.237032584018233, 0.259840382188779, 0.252733779192389, 
0.259752292311745, 0.247731339806816, 0.249913161086217, 0.246796171789227, 
0.268417395567486, 0.270522527099273, 0.270117655955805, 0.244566099739896, 
0.258295911501718, 0.274174001341936, 0.24173455292111, 0.257689449677433, 
0.274783642310435, 0.286111804934304, 0.296786226442491, 0.250901452412485, 
0.230303936616794, 0.238689059374251, 0.250690667608781, 0.24323108982286, 
0.247144412232304, 0.269212613529972, 0.268065627594694, 0.232367184550126, 
0.248424351619903, 0.267435973260244), dim = c(100L, 3L)),