list(MSE_matrix = structure(c(0.26260555988267, 0.278444972808624, 
0.244725311154516, 0.229565152684142, 0.257674045641444, 0.264834583833146, 
0.23256071984348, 0.261763723191506, 0.270871744238358, 0.281714789024102, 
0.271836140230531, 0.272429701268309, 0.225979529774791, 0.260344885792417, 
0.278247873320469, 0.253246946817571, 0.248519429209349, 0.242480314558706, 
0.247982778676898, 0.257360826029686, 0.24493266595799, 0.277588988274446, 
0.261404899727206, 0.25913588305544, 0.250821396405841, 0.238656821922214, 
0.233265668466699, 0.246478384366297, 0.249308188369035, 0.320999449294803, 
0.29401013863382, 0.234107776301417, 0.259728830428492, 0.295792166406882, 
0.247903811090467, 0.238781668663683, 0.298278006581057, 0.24089498558699, 
0.263968749909196, 0.242685226862565, 0.239249200835914, 0.298084022142886, 
0.240446985872621, 0.249819898582439, 0.284656591364607, 0.306851826979391, 
0.269416753054663, 0.240358348612365, 0.238861573141678, 0.307382305450323, 
0.255636300489912, 0.24432005128977, 0.243949298436337, 0.251760175844312, 
0.28720223132021, 0.287902655408596, 0.28801046392697, 0.267096035646741, 
0.263645068153836, 0.274503952903864, 0.244869110663153, 0.28211500861482, 
0.285829690972015, 0.24890959653924, 0.265526740177814, 0.27153594522351, 
0.258680054639471, 0.249319336615221, 0.264841079406498, 0.239886707066885, 
0.264291249982261, 0.264471144673801, 0.25417933972381, 0.251999679526368, 
0.258875960996425, 0.240974792521627, 0.244721585805967, 0.271547183787128, 
0.246441299254156, 0.259875239342, 0.245132059975477, 0.258527807831757, 
0.269883879436411, 0.259571012716221, 0.274682055271878, 0.262838129167592, 
0.244655454924804, 0.256952119663594, 0.279210943264091, 0.265863461369244, 
0.272203723495635, 0.297052918718647, 0.249059903554519, 0.26220863821027, 
0.267849807406129, 0.272812817498921, 0.280587030300543, 0.260568694894271, 
0.280171555788118, 0.264216143081225, 0.258575479685422, 0.247747538485651, 
0.245000931233864, 0.227898729105552, 0.241165897822951, 0.235774620214586, 
0.238755001573286, 0.234642355542785, 0.24066686562051, 0.263099579742817, 
0.253583038334314, 0.240440151679218, 0.230236134438972, 0.242083134088265, 
0.250111802498344, 0.229809606608408, 0.237299451677648, 0.262528332089546, 
0.247327088314195, 0.248846201097022, 0.241846552639467, 0.279666239874339, 
0.23115522246653, 0.253624051440848, 0.253662826419276, 0.246637321480068, 
0.245961106198335, 0.232225672551537, 0.247103911413883, 0.241193547116486, 
0.2559465181761, 0.231153955145382, 0.241706258691335, 0.2577853515662, 
0.229924923411693, 0.23230893167357, 0.242574175328128, 0.236781421283773, 
0.240141156381195, 0.23376836422549, 0.231876628737828, 0.265921932783744, 
0.261173229827239, 0.237856764109441, 0.265448230091901, 0.264118063364395, 
0.242253617535367, 0.242604936791428, 0.252691284297554, 0.274320113572939, 
0.230401753506682, 0.244614749112677, 0.233692228218188, 0.238516983958014, 
0.279345188202396, 0.255947439762121, 0.263900221326811, 0.264308685484224, 
0.260016443405156, 0.248358612055344, 0.244689797664013, 0.248106288560998, 
0.255037013027427, 0.233021526382392, 0.273447616582058, 0.243216420846548, 
0.244807848531658, 0.241628251494446, 0.235622814138005, 0.246621247115614, 
0.269249928683442, 0.267846920571819, 0.262625383449409, 0.233804333270447, 
0.247094436279486, 0.239218564015467, 0.233582769580956, 0.270659351930233, 
0.228441542101839, 0.249556584107881, 0.233802416488746, 0.257560068185618, 
0.23270769298096, 0.227843013678549, 0.249823627852483, 0.245384595989701, 
0.253083202419611, 0.251292506209903, 0.274103602356431, 0.243705999947713, 
0.230427328302317, 0.25760048295102, 0.232523754886621, 0.234946685483179, 
0.252611595079014, 0.243707501916599, 0.258655969663547, 0.255965928663973, 
0.232107113221991, 0.251540923597175, 0.249868225885434, 0.270449879857929, 
0.23601736133117, 0.222106333615416, 0.250902993075362, 0.242092842915669, 
0.252749723682535, 0.270689002486281, 0.24101151195658, 0.254449386325897, 
0.248925423403097, 0.236514436694826, 0.231651700560601, 0.241369444865483, 
0.238777025766468, 0.248400050004385, 0.234167171369662, 0.251524950087757, 
0.237025712511162, 0.259733431157905, 0.238049920716156, 0.257590883101143, 
0.24089561143773, 0.247157261054183, 0.258554418919136, 0.254526589548252, 
0.248533238096067, 0.239916663187709, 0.251073929499122, 0.236679619368967, 
0.250319353617491, 0.247370932878434, 0.23235932356325, 0.252636583730336, 
0.234260284976048, 0.232731882517889, 0.240998038718869, 0.242116057394289, 
0.233589215795572, 0.245425303802483, 0.238086021521078, 0.268811873044623, 
0.259370710478479, 0.232961050058001, 0.272371552247862, 0.277616125574632, 
0.257902794661876, 0.242480141638496, 0.221399601134265, 0.264890069838574, 
0.238496785764059, 0.244178361369672, 0.242557564769026, 0.230544559209624, 
0.257260728589993, 0.249367931232635, 0.275739689990936, 0.250685274060075, 
0.236917291398959, 0.235181663448622, 0.251374686540531, 0.261062169621545, 
0.259363029424982, 0.232738239174136, 0.271731080982507, 0.243471646439942, 
0.239073709743103, 0.233700587896107, 0.227351622155198, 0.234321002506698, 
0.24157770146836, 0.267065636440167, 0.254813403749796, 0.234434583736173, 
0.241471946040766, 0.231672812231855, 0.226374699652519, 0.248306629691062, 
0.225852408249983, 0.242753255691935, 0.241482394982443, 0.249267920479782, 
0.237582386738077, 0.225879992447356, 0.240135178785852, 0.25772609232666, 
0.241856905447379, 0.255364250126297, 0.278831542045967, 0.234760011603159, 
0.227152275822546, 0.271872295308851, 0.236930353364858, 0.271620524938324, 
0.246890567620867, 0.244384295715869, 0.254236638268632, 0.235865733451596, 
0.232816431459663, 0.255941052902364), dim = c(100L, 3L)),