list(MSE_matrix = structure(c(0.26554077870051, 0.307498608308575, 
0.304604648113115, 0.257459012678962, 0.265295427318585, 0.264945545454914, 
0.261379071739402, 0.281564654260259, 0.252221403695825, 0.21932058430094, 
0.274902254056249, 0.248897121591256, 0.267910393013061, 0.282795805058885, 
0.24977065494371, 0.318219271508996, 0.233401137052289, 0.264232090318205, 
0.282619844046673, 0.277874837263188, 0.260580425865313, 0.241648197886697, 
0.235875674016924, 0.287381518177861, 0.294298871986777, 0.277044081679747, 
0.243051119767654, 0.283617808361534, 0.276205727637829, 0.296105816500756, 
0.290917354912348, 0.312117632462771, 0.252072940384948, 0.241712018463087, 
0.300348012040773, 0.249746009360324, 0.231839382402156, 0.255658451468758, 
0.309407435556336, 0.261474841847791, 0.25695838023631, 0.257891779391375, 
0.240275966728764, 0.273710087936799, 0.23787688812482, 0.279719917055543, 
0.319952701413719, 0.269253927868625, 0.291034628381192, 0.352593101614716, 
0.287913053911346, 0.26919591570558, 0.288072705026909, 0.26211790264695, 
0.273642925895738, 0.277509920850159, 0.280886028985898, 0.299214664339072, 
0.294504288703304, 0.262449450992593, 0.320544311445162, 0.28114627286303, 
0.274797095348855, 0.266001279192092, 0.267574728517886, 0.280663208690805, 
0.267251890102992, 0.371293785739337, 0.284805475195609, 0.256488241858251, 
0.258014205065019, 0.271436494314257, 0.232993055743678, 0.271555671106962, 
0.260408637562367, 0.25784046602363, 0.2398504327428, 0.310709185299154, 
0.276445588900391, 0.285597890182557, 0.292736645130261, 0.237613130209523, 
0.249577909263607, 0.27734452590057, 0.278712444065549, 0.297353935727976, 
0.26672233141788, 0.260997161481025, 0.270295031900424, 0.263663118244886, 
0.256945858496566, 0.260310640999505, 0.272916904416873, 0.255091229411039, 
0.31030669857107, 0.264389254703816, 0.267482307561737, 0.240987329923162, 
0.235677759124881, 0.283407305143712, 0.254230063020051, 0.24385695717044, 
0.25577045374812, 0.234094109178047, 0.246931684561796, 0.24929907736342, 
0.240755485999164, 0.269247290998935, 0.244104262709975, 0.236759568650833, 
0.247948628233776, 0.239201047571645, 0.245241288402927, 0.247133755318252, 
0.237104207794041, 0.261677015578939, 0.250650962397877, 0.240717175233568, 
0.254138354829352, 0.25240649105408, 0.250127199371137, 0.242814724510837, 
0.232750862752413, 0.253591527477225, 0.291809586957157, 0.272926362011049, 
0.229107029886524, 0.249782490118684, 0.258062313732484, 0.249087565286509, 
0.261865887543511, 0.279785458721902, 0.243889207315657, 0.224036211701791, 
0.27207931432984, 0.233568030988192, 0.221459018155061, 0.231381133443428, 
0.291806201721909, 0.249418834983923, 0.269164435764623, 0.249336296487306, 
0.243420123010681, 0.255782474108238, 0.240337065212587, 0.258534504675358, 
0.267630816885112, 0.25883190227387, 0.251190895815029, 0.250966436914601, 
0.264980603197225, 0.245587463455475, 0.251953454134127, 0.240349448007148, 
0.262074167096849, 0.251317271526456, 0.257514543633505, 0.264123384044617, 
0.239431147501928, 0.24967466426292, 0.265203250805182, 0.262296198742537, 
0.251852147011932, 0.262798388704269, 0.260619424604697, 0.244435503766597, 
0.266762129473547, 0.303385083511443, 0.288337155614712, 0.237471789857239, 
0.253109534402262, 0.244156156307016, 0.223673148277537, 0.257682374955792, 
0.233669895450071, 0.231762879298607, 0.227010470779395, 0.273912658134761, 
0.264675476294345, 0.262473751870173, 0.28321937924433, 0.222410202389364, 
0.230116724060362, 0.264316972369005, 0.239153070600014, 0.250704385883022, 
0.259419970321327, 0.244969646408247, 0.225814567049645, 0.248651501251356, 
0.236804672199495, 0.242669943509308, 0.251146317633002, 0.256527584389409, 
0.285216176406412, 0.232427194191786, 0.236328973551056, 0.226041080588462, 
0.244619037266955, 0.263986625871321, 0.274255011742632, 0.262727084391556, 
0.232455214756635, 0.230512953930771, 0.252033265936172, 0.239130205696068, 
0.233785575788223, 0.251769658257413, 0.236548422610529, 0.231054103913981, 
0.247825194507236, 0.25829503498415, 0.244258350602729, 0.259752607380269, 
0.240969820076814, 0.253959411681083, 0.236265884096598, 0.247011395244035, 
0.25452277710171, 0.257553850300239, 0.241938497784554, 0.238241440329666, 
0.236672166240851, 0.26810499578835, 0.255094538286299, 0.272227133534826, 
0.238383734903513, 0.258342985918291, 0.252450220129382, 0.234863524014381, 
0.268549223312811, 0.291196325043371, 0.235969886572634, 0.224760122324952, 
0.262231990736345, 0.237806414613929, 0.23024859299349, 0.230530720370422, 
0.319617912171703, 0.252191895545147, 0.260938744897768, 0.23588176991692, 
0.237013283206264, 0.251845912285116, 0.249274412649835, 0.2661756704088, 
0.280349431715649, 0.259204024300188, 0.258667057275896, 0.263026692548617, 
0.256917015570733, 0.244483704513729, 0.262994062376941, 0.254005977407399, 
0.257143695026969, 0.250898495563226, 0.253124701314688, 0.258812340190899, 
0.239930505956885, 0.247634516303258, 0.268632844273834, 0.265764201742583, 
0.253536635304274, 0.270006734106629, 0.260443096946205, 0.240622219420977, 
0.26626288480369, 0.310063285033278, 0.274756638979719, 0.243609118353279, 
0.24436746247033, 0.275885360639073, 0.226299064169884, 0.244207507386344, 
0.233574007959108, 0.229858404438553, 0.234088061550702, 0.275078614437308, 
0.262771363324307, 0.266038376315707, 0.262200124632134, 0.221932131681438, 
0.237071155736643, 0.264980941209661, 0.241686053996456, 0.269140129550994, 
0.258150897678917, 0.255532552569564, 0.239417832294529, 0.249191970466389, 
0.256059780933606, 0.246656567181503, 0.242093737832397, 0.251348796146522, 
0.264996042590419, 0.258487271632793, 0.242058318052323, 0.233786399513695, 
0.229745131214595, 0.273936070939308), dim = c(100L, 3L)),