list(MSE_matrix = structure(c(0.26260555988267, 0.243981168036964, 
0.238973042443872, 0.248115367550137, 0.239638517986518, 0.291321319211368, 
0.270302948405372, 0.263630016593072, 0.253584839705436, 0.25871704385828, 
0.257185317812999, 0.267830659136702, 0.239660468630248, 0.255765664983357, 
0.266020303577591, 0.257202051709736, 0.272491329682345, 0.263399600896593, 
0.322346230509879, 0.245438043458286, 0.290711580960249, 0.287221799162968, 
0.277925826634945, 0.277194240742818, 0.22669366181103, 0.260023965337419, 
0.278509737634147, 0.25327947304262, 0.249102325655878, 0.247053349249118, 
0.272627603049606, 0.255426339565629, 0.263244990598479, 0.274262374461423, 
0.247209837646868, 0.282013775219352, 0.255100057383788, 0.315648367722735, 
0.249103015087917, 0.260691454601845, 0.276807572798966, 0.3005153457297, 
0.269946831342452, 0.274694898123355, 0.284120690639309, 0.273060225974216, 
0.252853711017147, 0.290449593759124, 0.268775452946347, 0.265831765115401, 
0.262511153778833, 0.276220324279513, 0.298443877989192, 0.241969478707387, 
0.236705886004767, 0.273075451837385, 0.283551604139208, 0.26765433117869, 
0.268353508201454, 0.308015338742328, 0.254805252274308, 0.253971775956082, 
0.300299364382034, 0.249991384014406, 0.247091374799007, 0.28472682343549, 
0.249166022166701, 0.252446143080465, 0.254751076418118, 0.266876468543784, 
0.260784255587784, 0.254791030351547, 0.282481669532343, 0.289610620171246, 
0.253569102070707, 0.275108513018465, 0.251986823946403, 0.270446206003543, 
0.32150460118581, 0.257513190449853, 0.241970059041186, 0.252949628608682, 
0.245067385487613, 0.247642022914294, 0.282343809552313, 0.276054185624113, 
0.267235116378086, 0.315834928914643, 0.254063883254119, 0.269147588339862, 
0.263971936772135, 0.291057106656678, 0.291639910505547, 0.243389555690886, 
0.259941998245485, 0.264121868514181, 0.247066688195537, 0.280470157673508, 
0.2646034711418, 0.261949404200539, 0.257430931369087, 0.26111957450848, 
0.238016891613315, 0.262813083444246, 0.225817193484785, 0.279399182496113, 
0.254088194238912, 0.252871155528139, 0.273822113392559, 0.234317760870606, 
0.235902658511426, 0.258867793262755, 0.231015655405891, 0.257484608270781, 
0.247409950009504, 0.252607034664515, 0.260743431308838, 0.240364167039269, 
0.297867751699042, 0.253492100611075, 0.236783320487739, 0.267744407652346, 
0.243092822930683, 0.241949018571315, 0.222012530812606, 0.233554758475399, 
0.244400433479291, 0.241864973663656, 0.263814100053654, 0.244417102578584, 
0.237677184710136, 0.236215495215758, 0.257037484406517, 0.243283907957244, 
0.243756442727886, 0.264267768254255, 0.241092954721189, 0.266882251813445, 
0.242441058570943, 0.256006967201728, 0.272405269404558, 0.259990832859195, 
0.233355624174115, 0.23154626845387, 0.246257370393923, 0.264624260698272, 
0.247322446146565, 0.280435186936152, 0.257661783694339, 0.240375174242339, 
0.246629604366819, 0.266128887713041, 0.290042993635043, 0.230912700384748, 
0.251469683470706, 0.25390529759388, 0.263767771277202, 0.244193592267057, 
0.253449999484513, 0.266390290017282, 0.244721569610033, 0.245908096740048, 
0.280804971604026, 0.248006811188829, 0.262000856385058, 0.266391167559392, 
0.245724442767859, 0.250068929041558, 0.234614923627585, 0.25936883338823, 
0.242871872316259, 0.272857537069649, 0.233759349699723, 0.26310773335574, 
0.257101773281466, 0.263086278451046, 0.257652463826663, 0.243992029997207, 
0.26812167947354, 0.254466260675495, 0.242109641632125, 0.248743888685645, 
0.231823268417214, 0.253110368799204, 0.246184959877132, 0.247708994496571, 
0.241612946996989, 0.282279007367484, 0.231930448639364, 0.237448155356795, 
0.25151227503489, 0.258599606347898, 0.259723939283287, 0.24824667046081, 
0.253859047726939, 0.264807684068139, 0.262763972624597, 0.266300877681616, 
0.254281979689474, 0.237804918364969, 0.260447451776109, 0.258543676593995, 
0.238842726069668, 0.241323152512501, 0.236733909973509, 0.253618313445154, 
0.225525972646696, 0.245470268270972, 0.260631361135673, 0.249381010991474, 
0.236906830221278, 0.233852628285449, 0.239637739725548, 0.249241856271632, 
0.246982694441653, 0.253819368995328, 0.277271183852699, 0.263461464303976, 
0.29564842385749, 0.234591442929224, 0.277362402142806, 0.269784434941281, 
0.248959756412143, 0.246725789638727, 0.233869000700682, 0.239229330259507, 
0.253679205899548, 0.256714255890828, 0.237779730074246, 0.243244908373782, 
0.254224504047138, 0.247161024866133, 0.248863145314685, 0.243467173390042, 
0.229920970606967, 0.251480910546328, 0.241154732649792, 0.257042122270153, 
0.25159584355235, 0.275755461298871, 0.257893122538819, 0.278365029188426, 
0.240963912897073, 0.23914469410622, 0.260956465162193, 0.2514927789106, 
0.23633535611703, 0.25902013233283, 0.240476501944146, 0.244801436019718, 
0.248539444281598, 0.250881911725287, 0.273058613765505, 0.231244576200682, 
0.246165966590824, 0.254737227332166, 0.252574458503586, 0.263100363142773, 
0.23507815838102, 0.28344366108167, 0.249870008202021, 0.244131291940525, 
0.23835614044058, 0.241577683116277, 0.243633304006445, 0.24866615351586, 
0.231303271378499, 0.26526700441065, 0.24226431051717, 0.266295996653479, 
0.230114326338998, 0.236920752898151, 0.256906680426898, 0.262355183691251, 
0.261508135952906, 0.245411825550241, 0.264347259920576, 0.26246598015963, 
0.265606399299144, 0.245724560359621, 0.254883289169457, 0.250179181509803, 
0.241355292793028, 0.257187475300634, 0.240683663517204, 0.232318229320048, 
0.232844460053212, 0.259309269934964, 0.238513247013535, 0.23976912875867, 
0.247560742119911, 0.270326318432017, 0.288671280232852, 0.245309238554356, 
0.240641595504529, 0.250995768204426, 0.254377244961801, 0.265262845717226, 
0.267720268755761, 0.251170141999625), dim = c(100L, 3L)),