list(MSE_matrix = structure(c(0.272732813009425, 0.252202303252326, 
0.273653541809792, 0.241260713092373, 0.262123839389439, 0.256106247719294, 
0.249216279132245, 0.254805961050786, 0.245840828037813, 0.246815461490644, 
0.239743428421581, 0.259999948614207, 0.233062249666974, 0.252701492616806, 
0.235941902567107, 0.241203154745644, 0.228262353454606, 0.241741299460805, 
0.244285157401561, 0.253705588456956, 0.244950701038861, 0.252377429897101, 
0.259656620866669, 0.230037041301878, 0.239806723924623, 0.237487267211352, 
0.244579634640497, 0.252227057044054, 0.24061502019233, 0.23706030330151, 
0.241106359206152, 0.253486003568722, 0.261520825684747, 0.247068727474697, 
0.255897814011659, 0.30293541684766, 0.245775273267497, 0.242614766289721, 
0.231573426570663, 0.257064755241617, 0.256112165775928, 0.238824834071374, 
0.241371179548253, 0.235326241671608, 0.245515013628779, 0.257354534649778, 
0.249571904061817, 0.265841073331639, 0.246517236930984, 0.243576295339838, 
0.265861322028634, 0.24605031661874, 0.234708542616959, 0.247414615441905, 
0.256606439449859, 0.269954714061874, 0.271940726681547, 0.235084174455436, 
0.262304218409749, 0.257807537681759, 0.231888225587672, 0.281926588611382, 
0.251337936519409, 0.234868435972768, 0.24472483626947, 0.269412783518499, 
0.244868523439245, 0.237330119150338, 0.257557458627885, 0.235781510003712, 
0.256318117577898, 0.231468801596023, 0.244055725568598, 0.245088506445742, 
0.276413901995418, 0.257204264516059, 0.260401061744038, 0.226286766714448, 
0.254208503037678, 0.260247840205977, 0.230202606633504, 0.250431308732703, 
0.270257306507885, 0.251465141778392, 0.24828571731705, 0.276648772742975, 
0.256811937801074, 0.278998974977897, 0.258893077842355, 0.238987695237502, 
0.284067640680133, 0.243981502267473, 0.273472428243562, 0.264965853719344, 
0.244150879458434, 0.242161915761468, 0.24212551135975, 0.268421298122892, 
0.2672879670212, 0.247186036624124, 0.233822442183954, 0.240278832492849, 
0.257190135372781, 0.225347643430456, 0.243651668074854, 0.25277131940447, 
0.230448226018265, 0.233570218351892, 0.23541818458445, 0.249395302207672, 
0.241417273157345, 0.237065733181119, 0.240613701335524, 0.238068868995666, 
0.225110856642552, 0.224155905257947, 0.226690317601966, 0.244921998860538, 
0.2421062086896, 0.246773569070169, 0.226318412410275, 0.249967547782041, 
0.235011965762451, 0.235700745122094, 0.227216259982568, 0.230765107210805, 
0.241574960497116, 0.223510830964173, 0.241253900927663, 0.240960241646732, 
0.23318729115577, 0.243619711504391, 0.246437123689971, 0.241454186935597, 
0.241698955750766, 0.257846018323517, 0.239000754379376, 0.246175886334097, 
0.230877959070912, 0.244195721175958, 0.233927590397207, 0.24036221470399, 
0.245400502271192, 0.231441304926709, 0.232558193540875, 0.241633551281474, 
0.229783407221619, 0.242264684016881, 0.24016696364902, 0.236277529976007, 
0.236578748280785, 0.223902389298613, 0.22666394392081, 0.246424898897931, 
0.238412258557668, 0.244105205366663, 0.252033117555056, 0.231442569569797, 
0.250987492742676, 0.228136569239839, 0.232083956023976, 0.25067931389157, 
0.241191019081061, 0.248606410951619, 0.227963050742844, 0.231161535628064, 
0.2329088232254, 0.23172310499664, 0.263675637838343, 0.23259075194912, 
0.245191046820617, 0.222711088726665, 0.24285067404667, 0.230191630710425, 
0.248872268666665, 0.231528366450831, 0.252576195393399, 0.2309654469177, 
0.237495215419128, 0.231410016085262, 0.229345461240959, 0.246615992491735, 
0.24403029828816, 0.242665259219136, 0.233746150336293, 0.253567453267697, 
0.23722736651929, 0.247400582801827, 0.251485935117765, 0.235374448412971, 
0.253852601806145, 0.239622362402945, 0.236623140754491, 0.254220989795613, 
0.229966871304097, 0.225964314130131, 0.232700198318785, 0.250940059137341, 
0.257672924135415, 0.247571156146065, 0.229959206224646, 0.257210427793985, 
0.257971400985466, 0.225691819234429, 0.245465702508264, 0.252402617427508, 
0.238487622894076, 0.232980268294627, 0.23115393384983, 0.243221267980856, 
0.241859693455977, 0.242321292133167, 0.232719397656771, 0.242254194453492, 
0.23114798239335, 0.22189302973305, 0.231502210088963, 0.243079396113666, 
0.248061005919062, 0.238856182251007, 0.234003039562911, 0.245123335530191, 
0.231889209334852, 0.237084293638242, 0.228421054777154, 0.23256164586482, 
0.238911655573965, 0.227711623310971, 0.240520469567052, 0.235670448972554, 
0.228629418557089, 0.243556192803271, 0.244263666890968, 0.231559488244415, 
0.238726971075157, 0.255687283445959, 0.238015344189838, 0.245897086218113, 
0.233029801374602, 0.237900249174274, 0.229018723830101, 0.237862587668264, 
0.244382282399753, 0.231324891023143, 0.22445589689472, 0.23946702258159, 
0.23380227613368, 0.238297193057327, 0.229282070021889, 0.243867409437802, 
0.230113184435915, 0.232163211770345, 0.235736606337618, 0.246124856892055, 
0.242697582946354, 0.243996417873763, 0.241663762152747, 0.232336051775621, 
0.24929700508786, 0.234845495604811, 0.228797139748601, 0.2493686280631, 
0.241764269009677, 0.230424969263569, 0.233527690670519, 0.226332701179469, 
0.23838546016827, 0.238936423610482, 0.24941285793928, 0.23358620464204, 
0.245447200846704, 0.228479248891995, 0.234028569717753, 0.231947317518053, 
0.244414933767586, 0.228357612546664, 0.248148802708695, 0.231738881329581, 
0.236515191679345, 0.244610646403586, 0.224588500308158, 0.242445493558634, 
0.237617552423418, 0.246299382299522, 0.237284727186795, 0.254752452244213, 
0.232658237903909, 0.250078131859275, 0.253946552336373, 0.241501056528775, 
0.240795106128133, 0.228996633381328, 0.249716427007542, 0.247459817355996, 
0.243691099367149, 0.236450180960259, 0.231185393247604, 0.252176350629722, 
0.263365683814026, 0.246838536140866), dim = c(100L, 3L)),