list(MSE_matrix = structure(c(0.26260555988267, 0.269415125563975, 
0.248849640997775, 0.259054601052137, 0.273874173701564, 0.252486085981894, 
0.281775864349012, 0.235673338233529, 0.252201527773184, 0.239803701838931, 
0.266746741020331, 0.282415025638529, 0.269422316022759, 0.255984510371103, 
0.256085086663852, 0.269171990851663, 0.235455576018137, 0.252789172455852, 
0.243545285223162, 0.246911072673469, 0.2428021228002, 0.249621930755323, 
0.264450901984785, 0.262535157979486, 0.251424401507887, 0.247191468298896, 
0.257946601321207, 0.289208380683196, 0.264448284045027, 0.255595360883381, 
0.231973768170343, 0.235233024776712, 0.248953836880535, 0.238910990079511, 
0.275329419792098, 0.232571401165797, 0.252788725313463, 0.251618865542999, 
0.245864460584796, 0.260355522401622, 0.269222407386435, 0.241860452325928, 
0.248998283765994, 0.249493834052603, 0.25894560711359, 0.264405094390693, 
0.259289602452319, 0.264941808009932, 0.270808945216314, 0.281078586982958, 
0.243049359365166, 0.231493873193576, 0.290211413389201, 0.259768346227329, 
0.263142465844327, 0.266352822681253, 0.268042102330127, 0.273521531878936, 
0.264784827440569, 0.267525643650105, 0.260439781127978, 0.247130157806155, 
0.291335987513191, 0.334169024403931, 0.279316291595644, 0.254878530443607, 
0.270870760549495, 0.263873830171011, 0.278805099542483, 0.245131483179691, 
0.250949951461086, 0.309432369602245, 0.244972544947525, 0.292633210055337, 
0.261799734645046, 0.278593758832219, 0.250629528378694, 0.243753114127499, 
0.257216919778553, 0.2790918506161, 0.259358458319105, 0.271666914948711, 
0.271130438430614, 0.250656606030462, 0.238482282691521, 0.278954456849864, 
0.260402041901863, 0.274256005933596, 0.245450001586221, 0.266522446767832, 
0.310916618861457, 0.370994034256526, 0.254300804507158, 0.265007255977816, 
0.246963853417623, 0.234374701574931, 0.24698775453486, 0.259141105915194, 
0.263820788057046, 0.251024175580298, 0.243538972727963, 0.265656645356354, 
0.24529035194818, 0.254231720463281, 0.238850215588669, 0.235185680492652, 
0.242810806415603, 0.233286551569397, 0.234217095612342, 0.242257247660664, 
0.234951448280221, 0.253306912235623, 0.259890838904949, 0.236581253567636, 
0.227706902312099, 0.255103933447941, 0.233227779934243, 0.225898535380934, 
0.221068311603563, 0.2276373532851, 0.227068188383689, 0.245528220482458, 
0.259332532824749, 0.236277492035439, 0.239093563524233, 0.234658000975261, 
0.250391473210592, 0.241671137732836, 0.245186506391935, 0.23839232624396, 
0.230194378544717, 0.247069738310171, 0.238799948392193, 0.252006206615553, 
0.235938051532691, 0.235929970645792, 0.237517826517135, 0.242138433463792, 
0.236976191767227, 0.246644363062074, 0.24395289127621, 0.223340308495394, 
0.233379286706459, 0.230707528393352, 0.238816003899903, 0.2612462060886, 
0.244950119399205, 0.231371563443193, 0.250502098196138, 0.249639012227239, 
0.244574739829476, 0.240140257750399, 0.26146986388695, 0.23825550426571, 
0.236017724938228, 0.251621152260089, 0.251362872347589, 0.245772883718024, 
0.256816826373153, 0.236165757546488, 0.24100686923274, 0.24767255176661, 
0.250698763618157, 0.244017558797505, 0.24930579247109, 0.23865267527128, 
0.251184637353294, 0.222833651488885, 0.241180171553723, 0.223322995701014, 
0.238070901248393, 0.26860630336285, 0.226566601116707, 0.260375868210161, 
0.231755800710923, 0.243189966065772, 0.241824836498801, 0.252874548563322, 
0.246603439656998, 0.261528614805447, 0.253617670088314, 0.231777220564307, 
0.246904491796178, 0.24062711111622, 0.229369392061816, 0.253023337927233, 
0.247627561121865, 0.257001158093395, 0.239917896235038, 0.246010455791473, 
0.279147078425582, 0.273486856735703, 0.245700274631027, 0.244837045823015, 
0.241055897069029, 0.22828712518083, 0.229950977516502, 0.232503955086563, 
0.245733055777671, 0.236211413630054, 0.240325769805357, 0.261556080935735, 
0.236313066502196, 0.258169708900335, 0.250307472244213, 0.22864830860181, 
0.242422189857755, 0.229349448896122, 0.236570704261055, 0.23529467792123, 
0.236861291013827, 0.262305835215057, 0.263854245836264, 0.231205566324447, 
0.23006137742917, 0.259524260115814, 0.234976464240089, 0.232291119774653, 
0.222294568344125, 0.230951460929888, 0.230358906184197, 0.23881544499279, 
0.258638938669951, 0.237102543667999, 0.247213335233259, 0.23702703587562, 
0.248351223316221, 0.253267090305295, 0.247394340052262, 0.242581821856129, 
0.234468955591693, 0.246681662899662, 0.249966362415469, 0.251469683129733, 
0.235981216068712, 0.236072427369382, 0.233434892088049, 0.24220663319801, 
0.241546706924505, 0.241654654550716, 0.24153260549753, 0.230019832839317, 
0.247612035943668, 0.231059562699552, 0.241833549463431, 0.264648455017397, 
0.236467916172172, 0.230582220030584, 0.24356215721217, 0.260988065512173, 
0.244674831434835, 0.236903597398778, 0.272056217830725, 0.243414354307981, 
0.236885460250538, 0.24862592574314, 0.256786209186032, 0.252203791031919, 
0.264465025788546, 0.234590162093732, 0.251724853065628, 0.242850540607515, 
0.248432612833526, 0.255743581977203, 0.250426631810294, 0.238594487619375, 
0.246740177966681, 0.227402132143807, 0.242104005363642, 0.22949553307524, 
0.234935124966131, 0.273676202455951, 0.238565775798689, 0.267589481119154, 
0.237564024953549, 0.253210662170222, 0.236142742970927, 0.254996435874162, 
0.245105885574296, 0.256077849893312, 0.246528867676901, 0.232584995496804, 
0.245961543930222, 0.236537350795774, 0.234002572705433, 0.238014754443557, 
0.236709152346678, 0.249680720032004, 0.235274058876125, 0.249908583886903, 
0.272653726845002, 0.279898205123506, 0.244612801714375, 0.243444388038092, 
0.232682238730768, 0.228799492538268, 0.245440870206853, 0.239100268857515, 
0.239425865462703, 0.247272677479377), dim = c(100L, 3L)),