list(MSE_matrix = structure(c(0.272732813009425, 0.245917365934186, 
0.229625094558896, 0.257457704699502, 0.253409604935446, 0.25396413274471, 
0.239142025584589, 0.236932552460988, 0.276368575483189, 0.266613590893997, 
0.229659163209521, 0.243456463613712, 0.270356600831891, 0.265265941495037, 
0.239026115765505, 0.252308156980536, 0.232290365481114, 0.255825994173503, 
0.256839447624549, 0.278098651482441, 0.234775057105182, 0.246931236548602, 
0.304099733195034, 0.247366800901537, 0.223393251564238, 0.2535472577247, 
0.259305572815486, 0.252970815889683, 0.2496688106899, 0.263700995334343, 
0.227942718379165, 0.232605650652232, 0.248043314308007, 0.255270650895489, 
0.284778882352683, 0.248500804748861, 0.237989724168571, 0.264440685730793, 
0.2315852488376, 0.233603773617531, 0.245387389147391, 0.256806234333633, 
0.253378652560665, 0.254639495135013, 0.242429237497206, 0.234750456072563, 
0.262893841022757, 0.229014561862778, 0.241394770223734, 0.229629934137754, 
0.255742835120841, 0.251244472916636, 0.259832565430006, 0.307746237507582, 
0.271921275226386, 0.256772185443818, 0.257816063692386, 0.289212267945743, 
0.2646575873576, 0.251755725069533, 0.279514184966242, 0.230792031300375, 
0.262454690242864, 0.237231484990713, 0.233958301639347, 0.240203307470678, 
0.245311113729221, 0.236958830167255, 0.239597964520166, 0.258229622910533, 
0.272150951725633, 0.266950944144854, 0.245928331332529, 0.266973432087425, 
0.253420928092141, 0.230009375559316, 0.256961325177475, 0.292567950765097, 
0.271360022350603, 0.266546501908391, 0.248573213777834, 0.241483727577183, 
0.249757161050193, 0.260358965648206, 0.227063206110411, 0.251254219542422, 
0.26871106729954, 0.256464632348315, 0.241543704249738, 0.269604685644993, 
0.240617637670767, 0.25384776021098, 0.236616055187527, 0.237122346296957, 
0.248969058540596, 0.274610501427633, 0.252176215208086, 0.259390024621213, 
0.255723544927772, 0.229819953776133, 0.234957972644122, 0.242116394385094, 
0.239549711200733, 0.263964863568888, 0.266707675304529, 0.234171841092187, 
0.241289502649023, 0.22728793742228, 0.257437883535092, 0.233996322190175, 
0.223860664891362, 0.24481647491707, 0.270007454217681, 0.249355521386819, 
0.234424986459605, 0.236173051922798, 0.227712377457203, 0.254154342625288, 
0.227060171574327, 0.244576810581411, 0.227007327962399, 0.245288630463957, 
0.289811877085488, 0.236453035486752, 0.225364698756864, 0.2352811145466, 
0.239869969238504, 0.251368971165783, 0.263351310072158, 0.251952490644543, 
0.234213889868126, 0.235129376571856, 0.240486603842872, 0.248961003630538, 
0.244731033353754, 0.240454827337054, 0.231334241130858, 0.248282765096227, 
0.234567356070817, 0.240308943276989, 0.246340488079197, 0.23234355852735, 
0.246317118245386, 0.249636342331558, 0.233639971656865, 0.241557538360205, 
0.250045710833912, 0.23068630715876, 0.237489271844809, 0.229721938939705, 
0.233551759582616, 0.232380744563952, 0.234180761903075, 0.266698895642937, 
0.255673067036369, 0.236694346852717, 0.25310247415962, 0.24367869762385, 
0.241786164973227, 0.241491921285279, 0.245055146122671, 0.239712943331879, 
0.241208279288236, 0.234435481323772, 0.23565411008496, 0.23253686325174, 
0.247361478457915, 0.233153135833888, 0.224412694792027, 0.257933531802262, 
0.253485104685481, 0.24750737835645, 0.233111114793988, 0.252899531664932, 
0.239375853596993, 0.242300541902157, 0.237887646254883, 0.247803115732506, 
0.241336896063669, 0.24614846339245, 0.230787854045208, 0.243239629217181, 
0.23038823896467, 0.243210420773407, 0.230369901776215, 0.24604203120003, 
0.263851272493306, 0.256015102466996, 0.231625539337405, 0.232886363652304, 
0.237455484916286, 0.233541026195357, 0.236455684416707, 0.225508448717525, 
0.237457336008719, 0.251990454935078, 0.224754025917647, 0.24221349505956, 
0.234391934999546, 0.237370899284286, 0.227209714026584, 0.255994818506632, 
0.229964331107824, 0.252211198059765, 0.267231799793357, 0.24364177249839, 
0.247632401520986, 0.22484443090833, 0.250602660107089, 0.234953471558016, 
0.232465646725316, 0.255161727894807, 0.254719819262576, 0.252270563044781, 
0.245117024848995, 0.239889019938119, 0.225181994318002, 0.235339045576725, 
0.23105310592207, 0.258426202039952, 0.238184802472836, 0.242305374977246, 
0.289767985609005, 0.251053573329949, 0.244949451394281, 0.247740936807406, 
0.243467622924602, 0.22933439778225, 0.258645324253029, 0.259293003577014, 
0.253787992685191, 0.235145100451118, 0.249441494709884, 0.256649571485364, 
0.245375275863122, 0.245751576370886, 0.226942099863371, 0.254434076893783, 
0.237627155843459, 0.235451218840023, 0.245997938900151, 0.242862298597266, 
0.240387460646895, 0.248864455030869, 0.23599229705474, 0.232230230383424, 
0.269831939188754, 0.234785820945653, 0.248464870168701, 0.243058941267271, 
0.23740491757223, 0.243344153405128, 0.237045334396171, 0.248939131718479, 
0.263007753943717, 0.231139724131444, 0.244521904117449, 0.237243652907105, 
0.23298897615595, 0.241496303984681, 0.260267439489589, 0.243670496240867, 
0.243537082974957, 0.230378442783029, 0.221003603131539, 0.235159360915823, 
0.23850682508661, 0.245377193001566, 0.23488350260486, 0.251680385610263, 
0.243899763818966, 0.277313599774416, 0.236844594409687, 0.250487405122691, 
0.230077614954898, 0.24022527140205, 0.228374551670433, 0.246535972855243, 
0.249842787053083, 0.241779152281643, 0.244544259302404, 0.240023055450841, 
0.24320728693385, 0.240957386900696, 0.232326150694697, 0.240173500380254, 
0.251416359361605, 0.256887855528988, 0.252243452028817, 0.237475656529416, 
0.240458973828734, 0.236663065677858, 0.243185196610171, 0.23337840813533, 
0.239549265396444, 0.252865984257584, 0.223124109005005, 0.247766680820084, 
0.224117608756991, 0.233636137680698), dim = c(100L, 3L)),