list(MSE_matrix = structure(c(0.26554077870051, 0.268900112850398, 
0.241927055287433, 0.283007202693356, 0.314501018825654, 0.240017908809407, 
0.298621473248739, 0.316048580276004, 0.354228721415041, 0.242533758454098, 
0.308883511592693, 0.276930817665738, 0.247542836563174, 0.29176996436709, 
0.291110867950276, 0.291898481084601, 0.267559702838517, 0.27205292222764, 
0.258218381396424, 0.25201304761596, 0.277476638236538, 0.23477934473207, 
0.274576111846874, 0.250871725013506, 0.374392585533496, 0.365932513100504, 
0.262725442638567, 0.308764460021299, 0.258466229653036, 0.294860853664114, 
0.250149647476412, 0.25808842646425, 0.263433122020743, 0.300742805100238, 
0.278114033233374, 0.252551075354809, 0.260419113003039, 0.297170064761877, 
0.241528392745514, 0.257222379488887, 0.266226267639701, 0.261071507916249, 
0.286926293131983, 0.302010572641296, 0.314027988362051, 0.311405851237786, 
0.307329791107833, 0.246530028238278, 0.250692787070829, 0.263278532701753, 
0.24649347175101, 0.28561872040538, 0.266214462615006, 0.300589513791024, 
0.253549534218502, 0.225731594738398, 0.280796487838576, 0.267564743826251, 
0.308549675405109, 0.28426469056472, 0.316140526322525, 0.268835521138338, 
0.284660350570057, 0.289472378890095, 0.26956321384052, 0.301302303780363, 
0.293847919730506, 0.26265174125998, 0.243317785485105, 0.266098860768715, 
0.245591732336191, 0.283470296780054, 0.246778385119618, 0.289193032989778, 
0.304550954542997, 0.25207074173385, 0.262766335392459, 0.257592496072719, 
0.256762162806787, 0.306661429491185, 0.253435071201725, 0.251293234246464, 
0.26963597982594, 0.264230885192656, 0.231608701770389, 0.240576115189797, 
0.265118894355143, 0.280274315355334, 0.264453662141752, 0.262045459312796, 
0.251284084623025, 0.278377358269473, 0.275467570947682, 0.256498924941359, 
0.260589801192419, 0.280991688160795, 0.24533704456906, 0.309286785535928, 
0.270827676218323, 0.271815480695771, 0.26090150959315, 0.26668767149942, 
0.245416507333743, 0.250894436660175, 0.288909614816936, 0.241839902410311, 
0.25396488096156, 0.305124065201168, 0.290095829300202, 0.235930539384628, 
0.258024849056417, 0.263478439894798, 0.236240893938507, 0.2888824745509, 
0.24885875883531, 0.264613989249036, 0.245204112007724, 0.247153788002475, 
0.243534131674713, 0.248242256712599, 0.261839071850827, 0.225295727979064, 
0.262888417253093, 0.236390660237164, 0.25884592665002, 0.262934053207055, 
0.249010313183963, 0.269004540170844, 0.246732568315153, 0.286210963186737, 
0.223508492763545, 0.24318439908818, 0.269827679095351, 0.287109480461334, 
0.25723245706446, 0.238566091461795, 0.236543244809937, 0.252958304023381, 
0.240073593544234, 0.25998626873753, 0.260350699039957, 0.249670391500237, 
0.259428252475236, 0.294038762177712, 0.264778347929442, 0.264319045990353, 
0.252039489163996, 0.242586792079621, 0.25726678797161, 0.243352588458021, 
0.254306916748333, 0.257440018863998, 0.25070579880202, 0.282287465580418, 
0.250288374230234, 0.23464136281728, 0.274978679090415, 0.259861419024309, 
0.257983848121319, 0.25299512570698, 0.262806057963509, 0.24861747105812, 
0.255638210169743, 0.285307903921376, 0.230147701039801, 0.255465093609885, 
0.308700572871165, 0.251966385542784, 0.233912014179676, 0.233001867284375, 
0.233654274945567, 0.249832097021263, 0.240503346639731, 0.292451179986254, 
0.241488822183142, 0.240935305888504, 0.246711786664996, 0.257374884630923, 
0.243495964663391, 0.275698375944664, 0.240479102159393, 0.239835834579514, 
0.263150332023271, 0.244955674236418, 0.233284639108889, 0.238645122502053, 
0.241670586051495, 0.296640625347608, 0.251465937036706, 0.268019875676341, 
0.235391075644142, 0.268167252934801, 0.24765309930441, 0.240856236010702, 
0.241894510770815, 0.233967403751222, 0.241434577185452, 0.271919566132037, 
0.241997977424208, 0.255279200419605, 0.266673464419167, 0.302500183407898, 
0.241430828905797, 0.241306670795835, 0.282597683588394, 0.243935937275246, 
0.241148529502425, 0.270080004249969, 0.268130498053942, 0.241698012764829, 
0.272128793046639, 0.273338919833723, 0.234675422387371, 0.308819405702934, 
0.270385392070511, 0.263462634954084, 0.24683306693394, 0.241490606504696, 
0.266989667950373, 0.234535547210113, 0.267967111487995, 0.233521006514383, 
0.251630126151762, 0.249910386547685, 0.247264032007159, 0.255895194529735, 
0.249865953293671, 0.258225221109638, 0.24090663807427, 0.287760268503332, 
0.23047746637223, 0.252796237418646, 0.249530903725282, 0.290081869814878, 
0.275514375454689, 0.256514742483849, 0.258346480074203, 0.273129009735643, 
0.237294573501201, 0.269874989581131, 0.281545746299192, 0.246021399917358, 
0.247769912757314, 0.30635417261132, 0.256879870621552, 0.261729067919273, 
0.27108965507563, 0.240649870882841, 0.257826196840362, 0.235685481576325, 
0.24880464095199, 0.247525600143831, 0.274361833791159, 0.283306343185148, 
0.228935854592118, 0.222143126664137, 0.26015461063597, 0.250828890811259, 
0.266880428717583, 0.257885245582642, 0.24185122120851, 0.237518606246523, 
0.258909332120206, 0.263004735547907, 0.265555632413987, 0.278705366047613, 
0.283804458493624, 0.241824603250546, 0.238039574947369, 0.238783024648974, 
0.241920871352317, 0.262578402693683, 0.256965056721598, 0.292651795391612, 
0.265204265014913, 0.233146340386013, 0.268607841423096, 0.246381890328027, 
0.246803536248664, 0.280852897555961, 0.276203330167794, 0.22365475747949, 
0.272008959907973, 0.241892330378975, 0.250344580206737, 0.242614492398984, 
0.25886821341542, 0.233718047552206, 0.260320113520931, 0.246081008685837, 
0.238244807784048, 0.279567206519152, 0.273152413461675, 0.256401398051283, 
0.254797959139633, 0.261407375101074, 0.240829075080232, 0.269366896340034, 
0.26171820618872, 0.274154439139809), dim = c(100L, 3L)),