list(MSE_matrix = structure(c(0.251472714454523, 0.27252113047508, 
0.242174361290723, 0.254908889682848, 0.259109179535229, 0.240876999621729, 
0.226586777327579, 0.266071697898246, 0.242687209246038, 0.265790167454284, 
0.269100127060811, 0.256856376563047, 0.23680456270905, 0.232408016174505, 
0.246320291209294, 0.237422532944018, 0.250054584842101, 0.239924720643969, 
0.274112918167953, 0.241114381358353, 0.236778216817048, 0.27082862118632, 
0.255745355033594, 0.252155257027708, 0.230817693001565, 0.302795332293427, 
0.236370246674968, 0.247627473383877, 0.248854057413762, 0.247712280799584, 
0.251550785291919, 0.240845598825366, 0.253952762044554, 0.264673823406501, 
0.268866060985781, 0.257354595868783, 0.280699647100156, 0.240346778808454, 
0.273544840887915, 0.252192447530387, 0.240180901970126, 0.239177470052899, 
0.250634511346392, 0.231532159902744, 0.274392009551033, 0.254008794633369, 
0.266753845920616, 0.241431699087958, 0.223402152547507, 0.267260162178141, 
0.249980452054405, 0.263044803669634, 0.255791038426167, 0.249717675916518, 
0.258559942902446, 0.239822275613498, 0.274962896669232, 0.22567787177649, 
0.291502101789184, 0.270250419787371, 0.221683137643247, 0.231601535490061, 
0.270460463024643, 0.24257379614012, 0.254069638044615, 0.249115386173426, 
0.243570311588033, 0.250594645533254, 0.239196147014959, 0.253600507142663, 
0.236061385385403, 0.266761960025682, 0.244989286661398, 0.276140632294813, 
0.250221833049294, 0.270792999662733, 0.253276851939052, 0.265497405179059, 
0.241851337072838, 0.248438877600873, 0.240023297451079, 0.250195465042196, 
0.255955566646621, 0.257152239542353, 0.275429625954695, 0.257079150174633, 
0.239443462125172, 0.229714525426366, 0.238676259917288, 0.249826484994753, 
0.239018541185966, 0.227136343003941, 0.236826664347564, 0.260309116078659, 
0.272839376137626, 0.245047787210048, 0.23283949866727, 0.245710596477199, 
0.233547504881871, 0.235931740223013, 0.235259970998139, 0.251925131148874, 
0.232756284247945, 0.242760596415599, 0.245738967889766, 0.247213587923773, 
0.221444683421877, 0.252724890451075, 0.239064731893647, 0.249951442129464, 
0.22925512239615, 0.235281408245616, 0.240193424550044, 0.225534760093252, 
0.244596816019189, 0.223018865494527, 0.239661241108854, 0.231101527143207, 
0.234454100392656, 0.229669881514331, 0.236162856104756, 0.231473095421753, 
0.236252083230013, 0.240965480865988, 0.234917558044066, 0.250093089608553, 
0.237557932520661, 0.248400615675258, 0.228617158017024, 0.238111645527586, 
0.228987394740894, 0.224400437152543, 0.248970205051661, 0.266005686849998, 
0.240877486556113, 0.250329504884159, 0.254830774383433, 0.223316800039806, 
0.240208910975168, 0.239428944593349, 0.223659673075749, 0.243758299429102, 
0.251046421522378, 0.234331019573236, 0.248083525078835, 0.234888560414089, 
0.239591783640331, 0.241996670442543, 0.225201000046937, 0.241752466149663, 
0.234613835217389, 0.246541598241747, 0.239645088743698, 0.229502698429429, 
0.235541165710205, 0.222072187784762, 0.251499693126885, 0.22146660640011, 
0.262899801580853, 0.235383025284748, 0.223183503014504, 0.228021319828746, 
0.248135023966339, 0.232002302741735, 0.230676612814098, 0.233972711775825, 
0.235788482991049, 0.241613902429966, 0.240872802264447, 0.242319260802885, 
0.234764828634521, 0.23884291092358, 0.233060630492538, 0.251406733172118, 
0.233293623665643, 0.247351927807125, 0.237322122705014, 0.258501576546723, 
0.245248719724441, 0.241182752356714, 0.230579859903086, 0.229736466253436, 
0.243534840737033, 0.252006241970893, 0.266196387108533, 0.247834366274037, 
0.242830462029099, 0.232448994493194, 0.228724052208991, 0.237091564902735, 
0.229382365826301, 0.222210832630839, 0.232222448392891, 0.227446065181518, 
0.23976008174321, 0.239100782229836, 0.227679620355429, 0.237243460314164, 
0.22974864773309, 0.227037444887546, 0.237943545648551, 0.248482936632132, 
0.239062307652496, 0.245779441414921, 0.239565508647654, 0.247223198970448, 
0.224856437601555, 0.253807387360082, 0.238155908041767, 0.243597763910134, 
0.226695506971454, 0.23073199286119, 0.243580614351874, 0.228930861230517, 
0.241176028470603, 0.225123849428106, 0.241711867621076, 0.231494588707996, 
0.243622371991163, 0.230160007965961, 0.240564302306729, 0.22742558309227, 
0.23887539940774, 0.244315569263614, 0.240626503963736, 0.240782081429596, 
0.228692440350758, 0.240280563630662, 0.228648572184409, 0.232515906899141, 
0.231149860526953, 0.222513607310894, 0.254169163452638, 0.268278249958473, 
0.241183265832155, 0.235693204302092, 0.251024312746276, 0.225895197432783, 
0.24021791725872, 0.239831617807919, 0.23033710691365, 0.235525737049427, 
0.256429572318948, 0.227323832406014, 0.25365841624894, 0.227257312376687, 
0.237927769627036, 0.239619562561759, 0.226605976649328, 0.238665797971299, 
0.240244958637783, 0.252405623803227, 0.239866900363082, 0.231313320423959, 
0.235114345869659, 0.233517636652627, 0.247556857255326, 0.225879389037893, 
0.252046421009787, 0.232544205788696, 0.225946075795896, 0.231809919698569, 
0.25049694321112, 0.242708479590368, 0.231657150810624, 0.234467916234194, 
0.234172356055642, 0.225173846749539, 0.245831645843165, 0.245783623059778, 
0.234251226134301, 0.228381897543198, 0.232111437619126, 0.244904573504887, 
0.234866745360544, 0.252526301724793, 0.232751375072538, 0.250190539001146, 
0.240695891429708, 0.250071835480825, 0.230369414909786, 0.225917140291503, 
0.246131513281706, 0.246026428282639, 0.268950386158918, 0.244876805849585, 
0.238268856659374, 0.229150741715218, 0.233217403021657, 0.238217932504454, 
0.234498776745881, 0.227889643670377, 0.226988183522248, 0.231970698960353, 
0.254077656102094, 0.234637712619731, 0.229806991894883, 0.235996850380513, 
0.226151485403667, 0.237386610681712), dim = c(100L, 3L)),