list(MSE_matrix = structure(c(0.26260555988267, 0.260155370158179, 
0.260423051756924, 0.25107886417565, 0.259471794298365, 0.270617367139366, 
0.272805476212037, 0.242510478055913, 0.264679065727637, 0.255344676935276, 
0.247041616978097, 0.279153681251237, 0.266607160749898, 0.260086008671165, 
0.256547210190523, 0.243473105059509, 0.258484485392796, 0.291837362860705, 
0.272408364123646, 0.251103712463367, 0.237788895701907, 0.24191650829701, 
0.27816967023919, 0.276780151371675, 0.253206595012659, 0.239630072465538, 
0.240148924786721, 0.258417339310114, 0.227540586257324, 0.315479637939005, 
0.252909402790775, 0.221502552948031, 0.274572941520245, 0.253965659274398, 
0.253400897545248, 0.291991566785639, 0.278787664282107, 0.282323206871833, 
0.259905181295245, 0.230975364517433, 0.242599525434624, 0.252675236506581, 
0.298736851059673, 0.23874719867383, 0.270435053047528, 0.250246040205882, 
0.260000232260638, 0.360284616295256, 0.246654312894473, 0.290866069767491, 
0.273122945176567, 0.268549117670169, 0.269433079416223, 0.256300440002156, 
0.25378511246449, 0.274738809741426, 0.262864543511912, 0.285562847329408, 
0.253670505889787, 0.270779133552986, 0.257364302904838, 0.266842295504474, 
0.263082543298519, 0.301937145768221, 0.257084266436016, 0.285575360682133, 
0.247391619163426, 0.26576190023196, 0.287560286419636, 0.274911949087138, 
0.246066544064759, 0.283711476213135, 0.22883462779984, 0.275594298715303, 
0.255045065789673, 0.283866236072427, 0.261748074571055, 0.254077032156128, 
0.256409155981508, 0.254605444621303, 0.330429942611197, 0.26258300264423, 
0.265883732531059, 0.303295104070305, 0.234968556775579, 0.261325810551409, 
0.2768441725102, 0.264107280714222, 0.260755677291332, 0.271768902444751, 
0.243182414524306, 0.262654657439779, 0.242592866321394, 0.225085095500915, 
0.273711978971953, 0.261727056242901, 0.249333912660686, 0.305452060815999, 
0.270838480285604, 0.245796275512916, 0.249587519236754, 0.242323236239213, 
0.231059087413551, 0.230833413472755, 0.251802098438255, 0.257789725985558, 
0.243795896497212, 0.22955116879791, 0.237456747959749, 0.2465811325054, 
0.232565497217877, 0.241250696025918, 0.235127036364937, 0.245737999180463, 
0.240974044781989, 0.236229917493972, 0.253787983336999, 0.27432081877105, 
0.248584425555678, 0.24025363751854, 0.230665374492089, 0.246839569173708, 
0.271466953504047, 0.259423858788578, 0.235585927126157, 0.243979484807527, 
0.235719661442832, 0.258782622818617, 0.229543281076869, 0.251655007029553, 
0.243621101958202, 0.224894747095032, 0.241328373380718, 0.235407687607433, 
0.231516177733751, 0.253544573385283, 0.253011202242965, 0.249570549213998, 
0.246484071878972, 0.227207174819837, 0.241802573632667, 0.234075464362918, 
0.254048912366205, 0.244449163237153, 0.235679217941369, 0.236232092862184, 
0.244664922771441, 0.284547549659773, 0.240992047186492, 0.253283799999707, 
0.255428420049154, 0.234832750567667, 0.245395861853713, 0.236353792929096, 
0.238716530084632, 0.254304067989914, 0.254516731649154, 0.269060811200103, 
0.243433437047961, 0.243524506283725, 0.242293813893855, 0.246329214920063, 
0.247559959848815, 0.279641278803347, 0.253847008137533, 0.250198451967532, 
0.238454556140992, 0.265196882098437, 0.247834799725642, 0.243647377451413, 
0.230426535262103, 0.247274962931583, 0.22993217419799, 0.267874174876638, 
0.246693670774303, 0.24686788806599, 0.2508630039573, 0.238299883964233, 
0.249264051263735, 0.250944200106314, 0.263439294280185, 0.252264119489442, 
0.258862074689169, 0.293184707964362, 0.224413031795502, 0.257983964604305, 
0.262255252633568, 0.241567660130481, 0.23781227836657, 0.252723669492888, 
0.235610116378176, 0.235262096588373, 0.234006392539612, 0.223460471389152, 
0.233794892032886, 0.241988847472732, 0.247474504523937, 0.258344633612656, 
0.252422031177974, 0.241034726016755, 0.249353170686218, 0.256115748576577, 
0.232978222266094, 0.241711606628302, 0.240969127176371, 0.247717863526105, 
0.253812986718572, 0.224418463220029, 0.235050763739971, 0.248735342073207, 
0.235975187938575, 0.255719481357451, 0.239455169519179, 0.251781943246257, 
0.253393341516303, 0.241372140848762, 0.241576559250929, 0.269233761379153, 
0.259204941223207, 0.240652368660385, 0.234973764263963, 0.245180823454174, 
0.274755186848512, 0.264506215180024, 0.23562616082422, 0.235939307616391, 
0.236502850829481, 0.240480241815823, 0.236943851866168, 0.246152255704223, 
0.238389373988254, 0.225610580960646, 0.248603017586581, 0.237945126391382, 
0.228040651410106, 0.251834275410578, 0.251695068335182, 0.250012786686959, 
0.251832196226199, 0.228720304977743, 0.245921416866478, 0.239965897841708, 
0.255505485997795, 0.235976923276967, 0.250754466148433, 0.240648839866224, 
0.253300426667242, 0.281687690701489, 0.238897317928245, 0.255981559147241, 
0.250410852819132, 0.238978268417193, 0.24222309001445, 0.227029428494294, 
0.247949493976966, 0.254557596154225, 0.253173489391865, 0.267141201173674, 
0.235551321751691, 0.24513644642448, 0.237329531222457, 0.245003257519873, 
0.249224748456248, 0.275756985079538, 0.254346721984942, 0.253891283215619, 
0.245067092539979, 0.254963007635964, 0.249770250423009, 0.232592882986964, 
0.230524734743213, 0.245043582596686, 0.227303768542624, 0.262350373362578, 
0.240572805463661, 0.250173563600427, 0.24030834924, 0.243793682054995, 
0.239553433175547, 0.255359894708249, 0.275826776290016, 0.244342639988775, 
0.241606169302716, 0.291445575545869, 0.23503011080623, 0.252156110227933, 
0.259716710816436, 0.240951916540246, 0.238655645376757, 0.258562247077743, 
0.235229757889419, 0.24046048136076, 0.245881033814023, 0.225731858677287, 
0.244847798315561, 0.237891532948277, 0.242666763171519, 0.246673001310375, 
0.258061511631644, 0.250242255506383), dim = c(100L, 3L)),