list(MSE_matrix = structure(c(0.251472714454523, 0.257334276960652, 
0.245786846185834, 0.261159648148776, 0.251570946432879, 0.246862760739348, 
0.270239999187926, 0.250433404371141, 0.263891259416098, 0.260305266930014, 
0.294994404339748, 0.242693464942895, 0.247228791595885, 0.268781809091091, 
0.228414160382595, 0.273888320628595, 0.261540278598776, 0.246421707774324, 
0.252097344247613, 0.230167795264044, 0.250805502436556, 0.270594406917368, 
0.245910631253616, 0.260549897556645, 0.275151977375657, 0.242614397904254, 
0.243915409454838, 0.294710648406949, 0.254370069825703, 0.248172580224318, 
0.25057415363975, 0.238454331329289, 0.237226047803052, 0.252517762076784, 
0.282518837988323, 0.257497623792202, 0.242709024469247, 0.246424048991295, 
0.251417811497169, 0.274424286867259, 0.263145528781182, 0.244692426982845, 
0.257384669220508, 0.250281538719751, 0.240152396607384, 0.241320281429905, 
0.230481373735645, 0.233340590129005, 0.230602629507418, 0.266625126817899, 
0.264747714181132, 0.263622199364538, 0.282000400528779, 0.269081848662219, 
0.263643873827195, 0.262242695600478, 0.246080336213316, 0.245931621634325, 
0.238919930927959, 0.28820049179464, 0.240027600336081, 0.262971508847428, 
0.270382334109406, 0.231220418433004, 0.260036359284136, 0.239510405672035, 
0.295929197116654, 0.250055032843474, 0.279975497175312, 0.242258106932003, 
0.255689243502944, 0.247303882371661, 0.270054234673162, 0.267033040044306, 
0.239398850237224, 0.236650636121303, 0.242859780652415, 0.250460934824555, 
0.252318106733226, 0.251688267471681, 0.253425432237535, 0.255751568360972, 
0.251248262905943, 0.27458749750158, 0.266640730626373, 0.262342308163572, 
0.278087289984041, 0.255232975142432, 0.290315430987049, 0.261650260789888, 
0.258906845380876, 0.234563065386636, 0.26345797572291, 0.256800013951608, 
0.239647191072816, 0.248800896976175, 0.266762218773631, 0.244840373753557, 
0.26749778295879, 0.255830816701994, 0.240867408881885, 0.254878489530638, 
0.263654748690299, 0.247124259503546, 0.236440125129337, 0.242440325499908, 
0.242434784022831, 0.248149681192105, 0.263942692634544, 0.252167335969207, 
0.25598934594263, 0.231429279477673, 0.240914077433408, 0.269866716925451, 
0.227384233732256, 0.262090465216467, 0.267498953025142, 0.240012624312479, 
0.245883430083355, 0.226616354321643, 0.245173590053155, 0.250198692680439, 
0.244482281386062, 0.261407037057318, 0.289671254522536, 0.241309884237942, 
0.243295030334837, 0.253346885025525, 0.264117608825666, 0.23739697756014, 
0.247899530114606, 0.254279572892783, 0.240183339338237, 0.234733925200928, 
0.25129066313803, 0.229730758670199, 0.23953792309159, 0.242575919538418, 
0.232739933600524, 0.255578600478289, 0.254060610383034, 0.236486392535781, 
0.244483200378851, 0.258438274840852, 0.26092359940887, 0.255179346222522, 
0.249931974620832, 0.225457375446844, 0.243264251112709, 0.241966220614351, 
0.248756971988511, 0.261960760236571, 0.234768442589385, 0.253355014141016, 
0.235562541501961, 0.243110478625112, 0.233789035407733, 0.239123750869852, 
0.240885547952829, 0.23657955050908, 0.229931819309534, 0.267182859297644, 
0.249031155676949, 0.274371590465339, 0.234503905663674, 0.239621789682333, 
0.25437947743182, 0.247344558053263, 0.278195715415485, 0.234156150760006, 
0.256963805072934, 0.239484183957671, 0.278755905169262, 0.241939974940363, 
0.231458147491218, 0.222212236907145, 0.228364707233232, 0.243090356598637, 
0.243739489114676, 0.250982693618645, 0.233616592350365, 0.241136183137299, 
0.242687495581124, 0.266741497826366, 0.250361895023597, 0.246668868521866, 
0.247081479032955, 0.257730704853807, 0.262653474603242, 0.245922950963441, 
0.253924123634481, 0.242177699802815, 0.27216718933071, 0.275940351372046, 
0.240309457052108, 0.245347858669702, 0.238039734641795, 0.24779595802885, 
0.262682176534088, 0.255601908616729, 0.230294159648904, 0.248418504526403, 
0.27973276645712, 0.257020959196666, 0.262532978902403, 0.238773240330128, 
0.233288592717694, 0.237511389489475, 0.254770025405919, 0.229607236312398, 
0.247505766097063, 0.238672118740589, 0.247956667026513, 0.240346302786699, 
0.23695007813285, 0.259099365812159, 0.254540629340065, 0.235294463651556, 
0.238979056567058, 0.229124200246388, 0.250308116089056, 0.255929159288155, 
0.25099278615932, 0.262686726126726, 0.266236086217533, 0.242234603029675, 
0.249844099059974, 0.241228689643548, 0.2426263275485, 0.2443678546423, 
0.24779967767775, 0.238965802508059, 0.232305050164308, 0.258635580917649, 
0.266937963461053, 0.259599211060407, 0.249094808978812, 0.252237778374359, 
0.237856793107208, 0.266695679324391, 0.24314798760957, 0.234857230854364, 
0.252312381140772, 0.252799315318542, 0.265150557203855, 0.247708529294907, 
0.236643235074179, 0.219918589682428, 0.230134726135744, 0.243366015504933, 
0.243107350859562, 0.242131532073055, 0.242631627258488, 0.270130744071379, 
0.256438100419606, 0.257823245414001, 0.23272746959779, 0.226009368337911, 
0.246766105442735, 0.278267230299302, 0.246531432688389, 0.266459762196882, 
0.266385560823057, 0.239664288476646, 0.228634661537485, 0.23532258084579, 
0.286221078392356, 0.228383144345477, 0.283569591883098, 0.236707559772424, 
0.26145033826168, 0.253987671755604, 0.249062968588595, 0.234799152187551, 
0.246380375114714, 0.227318561766884, 0.239147192320557, 0.22862704182849, 
0.256699737413447, 0.246558924132113, 0.236618909395517, 0.241997773392854, 
0.235374057886781, 0.264288334324139, 0.284456944249653, 0.269573038711256, 
0.246179559488149, 0.256324347980881, 0.265033265352958, 0.246971178459243, 
0.257924768637221, 0.238331437019172, 0.236097630965646, 0.24066209910191, 
0.238549969844001, 0.255645077531598, 0.26886032383974, 0.235433726692698, 
0.266993912282198, 0.24175673329863), dim = c(100L, 3L)),