list(MSE_matrix = structure(c(0.272732813009425, 0.230319260327315, 
0.238993723698138, 0.244515845742808, 0.259585409373333, 0.245995336468438, 
0.246063249557905, 0.268647546151709, 0.234096718885375, 0.248301860177207, 
0.24503239508865, 0.277346774260327, 0.257469514856877, 0.230082483231494, 
0.258890844588728, 0.262726724147313, 0.21794301804442, 0.279891103452435, 
0.24371211293283, 0.272153956213756, 0.294838485200253, 0.223138700144533, 
0.260225844295752, 0.237256649248503, 0.251535863014411, 0.27311268227024, 
0.241070949359818, 0.244512481690743, 0.242844398058654, 0.247687371695107, 
0.273785099065164, 0.286479689167319, 0.239224789758275, 0.251025294772334, 
0.285165892894104, 0.236460003463069, 0.241179087079492, 0.234576264693538, 
0.244173114097313, 0.262531543991091, 0.283260397183654, 0.267510250983478, 
0.247031059667897, 0.238558169571293, 0.243480521274425, 0.267721940130996, 
0.247766986957384, 0.249481114488534, 0.255498786161037, 0.24820800625522, 
0.245858419838388, 0.239868989109426, 0.239016781639788, 0.231447303323551, 
0.264415593638609, 0.268451350581308, 0.249493888594987, 0.244219477040972, 
0.240898700318916, 0.254500956100352, 0.258567632078161, 0.24854763924548, 
0.237278362941605, 0.227715479446231, 0.236308929387626, 0.238793589261885, 
0.233720951799854, 0.24940552232492, 0.247902570400846, 0.274084167624917, 
0.27351325940504, 0.251663975435966, 0.275757949379667, 0.241544839006047, 
0.242487672841097, 0.266207624051831, 0.26480697249188, 0.24041687911658, 
0.261926754968387, 0.255288201244844, 0.261329416867608, 0.245638980049064, 
0.257013614357665, 0.284008989357075, 0.241860447640796, 0.241559733710595, 
0.243500802230806, 0.233843559209165, 0.242712636529448, 0.239522610591506, 
0.231084218919681, 0.254966695303274, 0.235865332483171, 0.247730002909227, 
0.226110671139157, 0.248790877936578, 0.234046856601779, 0.299034635571534, 
0.237763671186856, 0.227666564856417, 0.248107523080954, 0.236671412960202, 
0.243055617764537, 0.236814732574778, 0.246878765620869, 0.260481098244545, 
0.227094005238998, 0.241455709724104, 0.223886330930034, 0.228922235854742, 
0.227367136234175, 0.254261317482769, 0.238273710128249, 0.226802725069927, 
0.247609137362076, 0.294806315532975, 0.228970224675651, 0.249111668441249, 
0.230482952838036, 0.239639303143299, 0.267612914575171, 0.226640847447984, 
0.256501158514276, 0.240397049834667, 0.241350233860218, 0.265527089889324, 
0.236266364397355, 0.255231990978862, 0.238959582956301, 0.244276822101895, 
0.245205466626436, 0.242000772351643, 0.245017916752828, 0.232902837734898, 
0.266452629717889, 0.241842029750875, 0.278418814466512, 0.227267117039818, 
0.237161790041048, 0.23622821517081, 0.259710725384219, 0.253807542089344, 
0.24916822747888, 0.23158691706215, 0.234852403313892, 0.253865939951364, 
0.246972711674833, 0.252461567979327, 0.241371989731821, 0.248052626392279, 
0.254020469221226, 0.238348806693949, 0.241661418030858, 0.226721434241967, 
0.234771339145669, 0.250615706579431, 0.233718350835482, 0.241433868170183, 
0.234236116364373, 0.274763888997914, 0.23428625064563, 0.23746829557466, 
0.235385541011589, 0.226835268139359, 0.245945723508813, 0.236538252797682, 
0.232362873156295, 0.250629830539485, 0.266303952565111, 0.246953009060803, 
0.241703199120128, 0.23737400632649, 0.249455926885102, 0.237118918969273, 
0.272459137947875, 0.257790476810154, 0.243075579221679, 0.242734244769594, 
0.241560776705446, 0.234852013723705, 0.255309250956627, 0.245927328562768, 
0.245968691546433, 0.249906136975202, 0.241056351595376, 0.229246907758661, 
0.245395092028956, 0.225651585468218, 0.24102564232437, 0.225243873572729, 
0.256186604525974, 0.247032854548007, 0.24587659506634, 0.235718265438827, 
0.243245817662976, 0.252652431783487, 0.228067219980254, 0.255780381436266, 
0.246509091951487, 0.222992128152752, 0.242025731221575, 0.229066027411535, 
0.241320931799274, 0.254758741917383, 0.23840374358187, 0.26305863260601, 
0.255667978390996, 0.266427040737158, 0.226140847831095, 0.233759284155868, 
0.241781187120032, 0.284019705573507, 0.250624633592459, 0.233003702956803, 
0.256796673118795, 0.269735353967742, 0.239632283341517, 0.266538699483827, 
0.239339995935756, 0.259309059103071, 0.267065796996876, 0.225761109631325, 
0.253638754053567, 0.249304198835446, 0.246216880883291, 0.257506431449623, 
0.236022645616587, 0.243047743295591, 0.238668064372489, 0.234453044885212, 
0.25376272917234, 0.249822228518026, 0.227515484794295, 0.243858743398294, 
0.306040711954205, 0.247070058742487, 0.241497950755488, 0.249132458466142, 
0.25258901659044, 0.249320555416286, 0.27411232243694, 0.265284525051154, 
0.248638506764994, 0.239524074050003, 0.261011145381888, 0.245812041069971, 
0.249544261897993, 0.2547193015158, 0.235213264830837, 0.248091902969137, 
0.247570418807021, 0.249629627215289, 0.239602028657074, 0.232103437433137, 
0.24377114426591, 0.246700547459451, 0.252122648448104, 0.258541900871641, 
0.24368679115364, 0.253776445635987, 0.245255949825399, 0.230530339739022, 
0.244433788249822, 0.238787911820957, 0.2337969385142, 0.252233828630545, 
0.232136694367491, 0.254364120653528, 0.256748302403068, 0.258434096820552, 
0.260683328280773, 0.269775715345936, 0.279384076147519, 0.23843320161922, 
0.24928851963313, 0.246969521141264, 0.247471641788571, 0.232446673506806, 
0.255755470609329, 0.259813411234216, 0.25003193926452, 0.234769167833732, 
0.240343978297404, 0.243733058553925, 0.230761729921192, 0.246558545588961, 
0.250025912412625, 0.234656367919026, 0.225491194917371, 0.235550069736245, 
0.23400835297304, 0.250831407947662, 0.242639002100454, 0.249921035357652, 
0.24347637951389, 0.260196225793886, 0.232407634066312, 0.238681382042589, 
0.251080980247229, 0.236044384941915), dim = c(100L, 3L)),