list(MSE_matrix = structure(c(0.26260555988267, 0.236348809726205, 
0.239107436092094, 0.28018265208578, 0.248731300935945, 0.248411719354557, 
0.275130504663595, 0.24074601585105, 0.265412909637473, 0.264855265990119, 
0.279542447233221, 0.261776981393116, 0.241760031634721, 0.248962975182344, 
0.276285113536131, 0.243992942658181, 0.263002184392658, 0.247402124996318, 
0.274044291452025, 0.26492726971972, 0.255759773194764, 0.281845680136165, 
0.241942322023117, 0.248870428062973, 0.241475910765706, 0.262502862157875, 
0.275211861230659, 0.257322205829756, 0.249620894185192, 0.247779248056206, 
0.264530036682334, 0.312351975240161, 0.240715166970565, 0.23990803955144, 
0.29026038261716, 0.242785692211746, 0.301436539076219, 0.256517039554791, 
0.263812860437583, 0.25394519270426, 0.265890343255536, 0.321612393715948, 
0.26596423133384, 0.267172859337618, 0.232268236251001, 0.254794431302771, 
0.229225611414273, 0.259533404812918, 0.259761425912288, 0.256463073925142, 
0.268217925257445, 0.248603315266314, 0.23689858768536, 0.241528488483026, 
0.248722598101348, 0.259709866660449, 0.261315557647347, 0.248014700575529, 
0.253620362171436, 0.233938885351239, 0.263875144469641, 0.246473091163283, 
0.247710847493112, 0.28796115008184, 0.238103672355829, 0.246155423674658, 
0.263594158315889, 0.265324298793001, 0.254047123118241, 0.28978159848275, 
0.239144758262648, 0.312917222408706, 0.25439117834603, 0.2830381263111, 
0.268944204398126, 0.260146621465584, 0.268437254903924, 0.240127206092969, 
0.244634785202156, 0.264847600918525, 0.269968592528594, 0.296600500389612, 
0.267181742443315, 0.274636337590028, 0.26464482521323, 0.240036488421309, 
0.248293773313374, 0.243185311973758, 0.246954972484651, 0.249789489957685, 
0.23970620666971, 0.280993112168237, 0.25649876926664, 0.261972109026351, 
0.266703208432983, 0.2568360680233, 0.286454894308294, 0.276320880374624, 
0.262717431442721, 0.243356506576776, 0.255991460628423, 0.235999358036551, 
0.222624931890057, 0.248601777653091, 0.234808589417087, 0.254709300577838, 
0.243829137352546, 0.244266897504092, 0.256118057345932, 0.267714937151165, 
0.248885423447952, 0.247452118256194, 0.235850152434301, 0.232390124345741, 
0.257553470698611, 0.239498708928901, 0.256254012318556, 0.23548097742095, 
0.24482512268327, 0.264908731584885, 0.238905742642949, 0.258712251546266, 
0.233203273379016, 0.232975685714672, 0.231634606750969, 0.262433853908837, 
0.251655717936524, 0.249590134224825, 0.238012098425582, 0.238206170462686, 
0.242567212664831, 0.281942307406778, 0.242242560806116, 0.231234314934493, 
0.26434195307758, 0.244344803711149, 0.247164063648724, 0.244623818016048, 
0.2416472647277, 0.245292009290691, 0.25132833945955, 0.269657160867612, 
0.247332620773235, 0.254431611292903, 0.232122875477583, 0.25163013561414, 
0.221494013856278, 0.2579280076993, 0.247763086147922, 0.233822109993926, 
0.256078201702295, 0.239068086539336, 0.232289048777208, 0.227378070916998, 
0.238666385568175, 0.241442639485077, 0.259297790460904, 0.242656338963184, 
0.238789477610997, 0.221976024356161, 0.249729088684495, 0.234079003965028, 
0.230498278575946, 0.258445362961559, 0.223025304217741, 0.237263287231448, 
0.252217751930646, 0.241936760616098, 0.236307212330374, 0.270644549228416, 
0.22371781242226, 0.258934616820355, 0.238081631828616, 0.260744289919589, 
0.242123575051151, 0.227307351524768, 0.239722926975588, 0.242492146423568, 
0.2394082521963, 0.251852792557685, 0.265228018482614, 0.265565082156603, 
0.243360866668647, 0.272644391284721, 0.237638628536366, 0.240255497571714, 
0.234625731438344, 0.227116910951253, 0.229797101381091, 0.24084342885045, 
0.244336032608635, 0.23761871630803, 0.230493635250638, 0.253719305761637, 
0.235502968555389, 0.234931518059198, 0.2686272234764, 0.254162070245197, 
0.245057991824375, 0.24957939112183, 0.243493256908671, 0.229952025754974, 
0.231713945466343, 0.258102310516412, 0.235148165171081, 0.254575347072399, 
0.230344056264177, 0.233382558618956, 0.239679235216162, 0.261128688526856, 
0.249756118547798, 0.237050475133991, 0.241138003068566, 0.234043447093456, 
0.260831876685496, 0.238043818978396, 0.24712835629258, 0.236189000081637, 
0.237166587898476, 0.263941820801988, 0.237518023229511, 0.258832774689878, 
0.235261887573448, 0.229554637104414, 0.228609471642923, 0.249447009126754, 
0.2551020529481, 0.252497936084494, 0.238361308941843, 0.24269886427028, 
0.244464957223594, 0.298795043688034, 0.236802993609724, 0.234609094551938, 
0.26815074236835, 0.231756233846351, 0.249011989152104, 0.27032547568622, 
0.237542954438769, 0.234918589760891, 0.254235252555734, 0.262048480656775, 
0.252003035853416, 0.243272371282415, 0.22707259310338, 0.256547403831183, 
0.225335477091341, 0.255313072377972, 0.235882163699942, 0.239368240160101, 
0.260913197284743, 0.239426179589466, 0.22004834842003, 0.231275772108673, 
0.243650382405157, 0.275523206059139, 0.253061754836971, 0.242295019463275, 
0.242806828564324, 0.232318986056143, 0.258981079445391, 0.235413830398843, 
0.232810908366625, 0.263754051045365, 0.225091551078917, 0.255471420618006, 
0.249232688338942, 0.241847429183922, 0.237117415548082, 0.264728495750722, 
0.222916994950768, 0.260977284903348, 0.232492327987843, 0.252430094928456, 
0.234764109934487, 0.241280997122996, 0.244513245586756, 0.239770238788756, 
0.259688888974271, 0.260818760460165, 0.24987997854138, 0.260491292388139, 
0.246800969575678, 0.267558851407816, 0.24239802073295, 0.248684972397594, 
0.243245335886387, 0.236796067657545, 0.229541964629905, 0.248361125323833, 
0.227286478286215, 0.233629874409491, 0.230810340026467, 0.249998790596215, 
0.24576630804908, 0.229772874165907, 0.283399785358229, 0.257102697526587, 
0.254201735022562, 0.240702504862467), dim = c(100L, 3L)),