list(MSE_matrix = structure(c(0.26260555988267, 0.238713122517307, 
0.279739828349581, 0.24277538437864, 0.247776675945504, 0.251734809121641, 
0.261093453835044, 0.255477363750045, 0.263210264481683, 0.260737842392599, 
0.242364749187432, 0.266207020968027, 0.232435165039484, 0.285162890918766, 
0.263911432720282, 0.275600041378891, 0.247757660869899, 0.26676469343084, 
0.280780691885554, 0.256929717050555, 0.27750162391757, 0.270257809882468, 
0.26520320755497, 0.306512509138623, 0.274761926923224, 0.262430688287819, 
0.259614000223114, 0.259598270375867, 0.250053916060861, 0.281067028001833, 
0.23457174511327, 0.274293427808065, 0.255728334867519, 0.27173199904636, 
0.24420587597707, 0.270408167965566, 0.273224981613052, 0.290589390884264, 
0.279889798335315, 0.293696315793324, 0.31651616463015, 0.287857985125626, 
0.244220553332201, 0.269174194522069, 0.275265779955014, 0.28040749647061, 
0.297054131423027, 0.259806213568826, 0.265723466667663, 0.268692099855587, 
0.275631804784877, 0.267126519017386, 0.269504164135626, 0.254324602879541, 
0.255356086084717, 0.270527350923817, 0.251465606082199, 0.246271058928336, 
0.286290829846185, 0.259020558078326, 0.256709781681945, 0.271080695254914, 
0.261117710187761, 0.294694908987258, 0.26876578998817, 0.337699405967234, 
0.248470864973327, 0.239946478933798, 0.273751357540132, 0.255684401162188, 
0.253169355337841, 0.253207349660613, 0.270078795071704, 0.257950638803151, 
0.256612755531299, 0.268318791633262, 0.257692825902394, 0.274170562220478, 
0.265037614443537, 0.256322075175553, 0.243080337849073, 0.26618113845037, 
0.251567515002192, 0.339580095424373, 0.298251482685637, 0.257530398321144, 
0.239286398731411, 0.246815902440518, 0.267723946860467, 0.251122728272641, 
0.251097609325899, 0.268436086798599, 0.284145991724938, 0.269510748977564, 
0.270077528566065, 0.230552828774179, 0.259065918742015, 0.239124607861936, 
0.250260775418384, 0.270627262057043, 0.2542966768336, 0.248502570686665, 
0.263251581369411, 0.23375712166629, 0.250966505350021, 0.248936396205553, 
0.252771709296124, 0.242684104406725, 0.22769050783626, 0.240651160624248, 
0.240895703358537, 0.259324675916417, 0.24835633204209, 0.267010924268772, 
0.244497775038254, 0.285989286670058, 0.231631028409399, 0.278986335334954, 
0.262102519089742, 0.241052849295841, 0.291380346345057, 0.226162981504914, 
0.240563760560313, 0.252209128859157, 0.259532449345889, 0.24938306763996, 
0.228032518940068, 0.235044752092583, 0.246360456377197, 0.264648744907302, 
0.224072524086021, 0.226824936875126, 0.241722881154417, 0.230169477880858, 
0.27121474995795, 0.237719930730022, 0.278030809222572, 0.271578961204537, 
0.264269184522994, 0.255031068307832, 0.312587402989759, 0.261373380913322, 
0.237628725574061, 0.253274536358464, 0.259648980064575, 0.256185190923583, 
0.259334622256863, 0.231484981518122, 0.250341741396085, 0.243555760254687, 
0.244173887887321, 0.241286354827307, 0.247850124026293, 0.224634629179394, 
0.256045099697709, 0.258962896554702, 0.250281835063837, 0.254709305265827, 
0.251148607554659, 0.238163118367744, 0.267773146213609, 0.279675798542139, 
0.263417493762076, 0.263085838496207, 0.244756554067886, 0.315527478099249, 
0.247237817476641, 0.234362102117739, 0.246465525244528, 0.236897070163318, 
0.251798382034836, 0.22875989725835, 0.257631732794523, 0.239956097869172, 
0.247234498735539, 0.243018777035334, 0.257376539115161, 0.250572046867605, 
0.268717799769542, 0.240368994507259, 0.244779537716603, 0.239248841340358, 
0.235347425126312, 0.311448789813723, 0.252694354310293, 0.260018330373562, 
0.237514701332397, 0.260720829487752, 0.230741480278429, 0.270223787765032, 
0.254865867508674, 0.253701560400448, 0.251712822660631, 0.266816035460927, 
0.260678874722329, 0.239664985156474, 0.262811989900802, 0.233587114493153, 
0.250902691207468, 0.265968407295075, 0.265026581402915, 0.235162399186468, 
0.244413940430434, 0.240501000346522, 0.247017507607893, 0.232325839635597, 
0.261421196331516, 0.239806615503099, 0.252787888971613, 0.247226015034137, 
0.249252052775012, 0.246320841060458, 0.231188381845615, 0.276439962958037, 
0.233894057572508, 0.280326959690254, 0.259379248148705, 0.254116649777342, 
0.264065701782295, 0.236509300697194, 0.29818444813812, 0.240668943492156, 
0.265886079477742, 0.272412676277438, 0.271172177585548, 0.238909516049013, 
0.241906416972464, 0.238941186197744, 0.254498692424487, 0.26196298302765, 
0.243112291716097, 0.238860802468576, 0.240941916047388, 0.245290016391542, 
0.247979878929521, 0.2305877308812, 0.272636112385884, 0.257149733471275, 
0.26925579235371, 0.248214469473137, 0.297724733717819, 0.265310990478097, 
0.230251580883402, 0.260811396325516, 0.257294958825256, 0.252306979680146, 
0.268862732950944, 0.2504200997698, 0.25272271355456, 0.258141261660429, 
0.243205500250419, 0.239397217100996, 0.240679341999269, 0.232765666072561, 
0.245571619000049, 0.259081789896514, 0.252867339115927, 0.26001646358647, 
0.248672799843061, 0.227968337613654, 0.230698658704184, 0.273678114131338, 
0.274246033870994, 0.300725546685276, 0.252290117278487, 0.309813522669611, 
0.249201810853758, 0.251719002169751, 0.24190353620642, 0.262629139851091, 
0.259447357874614, 0.231468398358228, 0.241527542742869, 0.24248894535373, 
0.270842232591002, 0.235691406755888, 0.255133028016983, 0.257341176141536, 
0.263563846174118, 0.254441841674214, 0.243607279658652, 0.263074294590814, 
0.229995160782648, 0.281105194668407, 0.246009820129465, 0.255537839230523, 
0.237998445690478, 0.247267750645863, 0.2539917238213, 0.231493452219414, 
0.242147182436927, 0.25220451251458, 0.222003098517912, 0.236012255232891, 
0.259089250987878, 0.239515139330066, 0.245365037845565, 0.240662586885853, 
0.25208483262015, 0.250314123058954), dim = c(100L, 3L)),