list(MSE_matrix = structure(c(0.272732813009425, 0.244436058304451, 
0.253493273738916, 0.253737311022627, 0.255655347617087, 0.257648586152502, 
0.224302452455654, 0.253689359445846, 0.246110264801444, 0.245442404522853, 
0.249362232892679, 0.265346521906259, 0.24247752044158, 0.239505289487892, 
0.250297491742516, 0.248467088755231, 0.263176003566997, 0.248804532807027, 
0.233572564561369, 0.261008905634011, 0.287563258660856, 0.258453150366446, 
0.254391407779762, 0.272905437989985, 0.243579265060679, 0.249232445645148, 
0.261516448741889, 0.250773088140124, 0.251924509046664, 0.240767809482117, 
0.261214018789723, 0.241976063654848, 0.23722888470505, 0.268013885858105, 
0.255391327683361, 0.244088453552836, 0.245949139884752, 0.235534055620559, 
0.273834647183848, 0.250812089784625, 0.246844268645185, 0.253160752979715, 
0.234922874707495, 0.259942712468677, 0.268989497350774, 0.240362448312229, 
0.245006198523385, 0.261531273469609, 0.262502720389357, 0.243621842564011, 
0.251418590626576, 0.237355216835529, 0.257800726575665, 0.244074449647583, 
0.271724126380296, 0.238492350258031, 0.241123605209593, 0.26516571213709, 
0.26857336565334, 0.239056863305635, 0.274500785290707, 0.238972378255202, 
0.25456758485055, 0.251891918341488, 0.239519518712466, 0.258971296828149, 
0.255070686728083, 0.265930037987684, 0.25045159580767, 0.246441037945999, 
0.246203704474301, 0.253241005468191, 0.233544715774309, 0.249745014783831, 
0.246404416570876, 0.230149642515528, 0.264513656521768, 0.249002176935838, 
0.26042348983716, 0.274667290597797, 0.245470846135462, 0.244139673819512, 
0.245813506532654, 0.242517944902833, 0.239974288071753, 0.229890398238454, 
0.236325795698113, 0.243478942621518, 0.234868809689525, 0.232478998113933, 
0.267390105880153, 0.234277325236481, 0.253500698569551, 0.24443904654103, 
0.235074464109444, 0.262063088140424, 0.257584831647639, 0.24157269282486, 
0.249522638349268, 0.244829391702631, 0.233258711675715, 0.232436028134096, 
0.236613268403098, 0.237782221786194, 0.247814786564268, 0.237020060170728, 
0.223557981012673, 0.240271672358258, 0.238101324294454, 0.234335055242945, 
0.2382180178433, 0.241258184688825, 0.237290346655593, 0.236008686305197, 
0.226653410872854, 0.234382084914954, 0.248857402395092, 0.233999507393373, 
0.222199083331966, 0.247868344774908, 0.250364964125674, 0.243239136621307, 
0.228526086286674, 0.241403261173702, 0.23880344453015, 0.236549210171903, 
0.244908981873693, 0.236520510954966, 0.240503187593436, 0.236925179054195, 
0.249853665519941, 0.22974335590959, 0.227462091299573, 0.251047514424866, 
0.238931503763507, 0.230883939961617, 0.235299575621328, 0.231245955941115, 
0.248692628173672, 0.236037391688109, 0.238826470493949, 0.243710441273941, 
0.236833606498751, 0.250799776065455, 0.237679285385098, 0.243445027548276, 
0.229321107572969, 0.229777463048785, 0.24174393917805, 0.243702384157024, 
0.233642339997964, 0.232031492617016, 0.241034577744921, 0.234757020206648, 
0.255918636526545, 0.230821853138882, 0.236521586921141, 0.253687823482936, 
0.254050182169991, 0.240764026687543, 0.24550568917043, 0.244952118463192, 
0.231307979976555, 0.234898732691882, 0.224137047154995, 0.235962940613648, 
0.245801214131049, 0.250142990227631, 0.238861232703256, 0.228241005000176, 
0.23989619285709, 0.241769291807401, 0.228196942293157, 0.234285511834673, 
0.24621344275142, 0.232868423566598, 0.24887950797525, 0.229338743488482, 
0.255932501534984, 0.240214441835766, 0.232544928930605, 0.238367837696298, 
0.236948955567944, 0.236874027061564, 0.221010200638111, 0.232123068603109, 
0.233018584386289, 0.240943494850126, 0.227639164366839, 0.224720278461234, 
0.234373478706032, 0.231319675384441, 0.24844073829968, 0.233159758046901, 
0.229601504119263, 0.251074654638205, 0.24221958728072, 0.229328079455598, 
0.237523337559134, 0.242589902268927, 0.239174993425578, 0.237550825126967, 
0.247481882962899, 0.2421491219079, 0.242842647514169, 0.23424651899384, 
0.230277320973617, 0.245483468728066, 0.235568179490931, 0.246856146422826, 
0.236391352187587, 0.253575017987618, 0.237605958253344, 0.239268417615171, 
0.229769044895762, 0.232723623457755, 0.248495863819997, 0.239530608529997, 
0.218250614042006, 0.25200580668385, 0.246939416861868, 0.239528201718529, 
0.238252100598983, 0.236943335870355, 0.232725108878183, 0.237754200834831, 
0.251223017651484, 0.236500739291607, 0.23680734330383, 0.227992717764237, 
0.239013062678912, 0.238869887881677, 0.226149061617842, 0.24233156625192, 
0.24236915124557, 0.224649660209065, 0.229946717273669, 0.235419093579306, 
0.239652178653335, 0.241880307095764, 0.233640120199676, 0.255749597756789, 
0.238180063977763, 0.24563990534855, 0.259312102870694, 0.233828707957374, 
0.236746401752088, 0.230867243489877, 0.237233462944373, 0.234669930930508, 
0.232781450236948, 0.226658749807504, 0.249327729261698, 0.235592958954821, 
0.254136232211725, 0.232291940981385, 0.226106863666979, 0.254821300647121, 
0.251668366634865, 0.239416684566526, 0.259833926618621, 0.231453920663, 
0.235938889421799, 0.237668576956763, 0.234316455870623, 0.244363640293217, 
0.255505431509485, 0.250381041048649, 0.241448810612011, 0.229558521299286, 
0.241916327837141, 0.241161398892775, 0.220864749187775, 0.231662245294723, 
0.247992662652741, 0.231826412058597, 0.247526517111763, 0.233493058198718, 
0.249700088208804, 0.252570932575608, 0.227490737459303, 0.239823918737474, 
0.233487383989, 0.234826805112423, 0.222909773323807, 0.22657189443198, 
0.233494590002501, 0.24554243443119, 0.227477186334486, 0.234592920667307, 
0.246950296770349, 0.231375298930632, 0.251804804434645, 0.238432851247492, 
0.233430495449619, 0.261561660788703, 0.251703882774591, 0.227198334155935, 
0.229683238543507, 0.240981737161656), dim = c(100L, 3L)),