list(MSE_matrix = structure(c(0.26554077870051, 0.2895220994725, 
0.275073881559977, 0.270622981630917, 0.233833956443058, 0.336964484738229, 
0.268935544240272, 0.257391522118129, 0.26074614803479, 0.264188725750164, 
0.269705025728466, 0.279376800555432, 0.28800920015553, 0.236601070113321, 
0.251152127194654, 0.284506582535863, 0.275429725320747, 0.291643165218139, 
0.278949940536075, 0.25432001017591, 0.254167171514984, 0.283955492433526, 
0.27559393733907, 0.270794000871307, 0.276753692470277, 0.285513814640424, 
0.25776104130389, 0.299866208255108, 0.266848755628085, 0.274271608501795, 
0.326381124531274, 0.229665754633023, 0.259771991693678, 0.291828912772724, 
0.266566254661918, 0.274778990075051, 0.262795290253633, 0.274382331296779, 
0.314169904369346, 0.272670683402508, 0.271115241248153, 0.269507021461681, 
0.249227240181234, 0.250607499117653, 0.269108715891028, 0.253068817728792, 
0.297416716706879, 0.245518986453616, 0.309509332978486, 0.251993543914605, 
0.257847231820834, 0.321525208288813, 0.263459195876713, 0.262556722931846, 
0.296037180998873, 0.251399038597846, 0.24354520618601, 0.25333225578303, 
0.262544015646865, 0.253938023134277, 0.266076420086185, 0.236930858261418, 
0.270064994318891, 0.297543093220956, 0.295412754889354, 0.272278777018082, 
0.250955269205349, 0.267054554727795, 0.327157631097436, 0.265364285479646, 
0.268920453887636, 0.352083864466939, 0.281811247510261, 0.311791273549215, 
0.308892689473963, 0.263082144135864, 0.27153356279288, 0.251250428542475, 
0.289659259237325, 0.318612760675495, 0.229020797838808, 0.272382253871117, 
0.286420173919751, 0.261469987367008, 0.264103607048854, 0.279010144799245, 
0.253666926138102, 0.27606660828535, 0.328530102366934, 0.260364466957215, 
0.27525537652704, 0.265494659409618, 0.281024034623914, 0.229494158810981, 
0.247308270358121, 0.31955670728619, 0.257492552498936, 0.272915522614661, 
0.28402546218941, 0.275157901941365, 0.259823647961179, 0.274403823271685, 
0.261379143575403, 0.227417695313916, 0.229838645946956, 0.245050768756444, 
0.259447119825649, 0.236402372684874, 0.242913031291754, 0.241013165637153, 
0.261096000132176, 0.259530410196549, 0.248550726965458, 0.236339588046621, 
0.23979346194956, 0.251489786198385, 0.237461498733838, 0.265896809156942, 
0.261375373808891, 0.25414272376595, 0.231252557731669, 0.242684259197032, 
0.246275065873022, 0.253918774831306, 0.227593291101606, 0.236930691063288, 
0.264798963115262, 0.250089586515615, 0.255869136940605, 0.240022098204216, 
0.250019573411396, 0.225286166611235, 0.237135727671554, 0.240578466556605, 
0.238898230237349, 0.248585799957037, 0.248707534779245, 0.232699955816066, 
0.283348377122244, 0.253974544009633, 0.258191042979695, 0.262494159650499, 
0.248021975217042, 0.252052755664552, 0.255849133126261, 0.245142229219087, 
0.251327034435096, 0.246995613102679, 0.252061263393385, 0.245400244392035, 
0.256207290758241, 0.248465924959864, 0.23860774337578, 0.244660572069138, 
0.285063115011449, 0.240355717914974, 0.244255924101223, 0.23087351802372, 
0.261348987645519, 0.239927893066749, 0.24630760660609, 0.231187608688863, 
0.273091287485084, 0.280082180866146, 0.257330339246297, 0.241508012502665, 
0.23529646232178, 0.263587169236252, 0.28939954977768, 0.247056946104724, 
0.266887304614615, 0.290284704426862, 0.237257598423288, 0.29801034610259, 
0.233670312628155, 0.247270092787312, 0.246083368871369, 0.246833317748152, 
0.260095559090901, 0.264647086795222, 0.225047511866903, 0.255568654425133, 
0.26548965813642, 0.242629864376718, 0.249474418042935, 0.271240586653945, 
0.231100531165958, 0.253354104811027, 0.294992927752056, 0.238902085426912, 
0.262274175956735, 0.249745807024035, 0.274610538254302, 0.224575750175809, 
0.250962061314669, 0.295404337367334, 0.250490835161669, 0.261660417754897, 
0.277732625258592, 0.261315629916598, 0.247282308982745, 0.262196564573992, 
0.277514217284341, 0.228557310379057, 0.236035012864128, 0.246324585944095, 
0.259094686563348, 0.23643185431668, 0.245891197287901, 0.251174718920735, 
0.255736383219152, 0.269199901977415, 0.266102201828798, 0.237655283701035, 
0.25215089344715, 0.241384782735352, 0.235100712841637, 0.27152477144442, 
0.271442081411192, 0.249960993399314, 0.244793895039187, 0.241121130906971, 
0.248286061047866, 0.24618353545112, 0.235337036055548, 0.245780912603117, 
0.267918282480596, 0.254237716410431, 0.268466145267397, 0.238422891552311, 
0.268540943027566, 0.22376581915674, 0.232123907814462, 0.239834687579706, 
0.253202229399288, 0.273856405667732, 0.230701844744505, 0.23008914490293, 
0.271284877728337, 0.251621957432582, 0.264345083314084, 0.253774645474726, 
0.248434172143622, 0.251603599796089, 0.248102082593843, 0.241273691902779, 
0.254829125558683, 0.252340612799347, 0.269205686487442, 0.234122849663351, 
0.261636705692058, 0.243969500072963, 0.236615135071146, 0.254518330098759, 
0.289330376921042, 0.245158108002836, 0.241857498229019, 0.231444408430809, 
0.276125937100867, 0.236508175949993, 0.253840387015365, 0.239293292088514, 
0.255261304765916, 0.267062427813407, 0.244933392219456, 0.242644976952005, 
0.237222278382469, 0.253924409656788, 0.291785321949314, 0.25490244329121, 
0.263210588473053, 0.30660316174962, 0.243835526491928, 0.290177617566462, 
0.252737774871937, 0.243453270119085, 0.255895638721956, 0.243030467204492, 
0.249195756275093, 0.26706070093382, 0.239316729908401, 0.25235178466658, 
0.271701387613672, 0.239577812631181, 0.253100040345886, 0.275623771802208, 
0.239053837389397, 0.266247340184758, 0.275939811519074, 0.247684406574169, 
0.254039634996358, 0.254560367940701, 0.278347668627001, 0.224702520906098, 
0.256035503873956, 0.291485256522085, 0.243542200945785, 0.256501393995567, 
0.279666532869249, 0.256800918990264), dim = c(100L, 3L)),