list(MSE_matrix = structure(c(0.272732813009425, 0.258138498016151, 
0.252682000286581, 0.263644591618318, 0.23703065466085, 0.243841748137277, 
0.269781853942979, 0.246689486041437, 0.231269917301302, 0.265694557193747, 
0.269581416953161, 0.241971794420219, 0.241350506522295, 0.244582201509798, 
0.249847650403252, 0.241201556853441, 0.251850315685417, 0.247418054402708, 
0.255457904567441, 0.239312001025402, 0.242873571262914, 0.240000097568912, 
0.256405708955398, 0.233970885088494, 0.253709721285705, 0.247228448578819, 
0.251978747472483, 0.246461157636326, 0.280163112271402, 0.244220706464388, 
0.249005156226017, 0.253298202476771, 0.26123603470738, 0.245275150878537, 
0.253709931997869, 0.249053310968726, 0.279051811399738, 0.250976796133981, 
0.234773283588016, 0.247993896301146, 0.250589659023485, 0.253167171295265, 
0.255258530339663, 0.232138036307382, 0.255974235230053, 0.262087159349861, 
0.258026902703952, 0.250375110294088, 0.243657804532265, 0.244009704839139, 
0.240558683772122, 0.248340893840827, 0.261455536560664, 0.231621186473679, 
0.2490911654862, 0.268769878022544, 0.241555454447756, 0.267018912328007, 
0.24045275036438, 0.256473065738817, 0.230064411223968, 0.284684109815747, 
0.244434114490823, 0.251719375388471, 0.258308730631176, 0.227230795859011, 
0.266878570260983, 0.261237481276827, 0.226415987747388, 0.227169427265879, 
0.260174867495066, 0.2607387544055, 0.24084593079205, 0.248557664585387, 
0.271889340475817, 0.23502513798823, 0.248754683666841, 0.247495148426339, 
0.250802612321211, 0.270602499309735, 0.242140804525996, 0.23920662810963, 
0.245313853617263, 0.244748873328652, 0.245638117068048, 0.236353894825683, 
0.239178392359748, 0.255789591600811, 0.268411682523882, 0.258665593151886, 
0.247888333860579, 0.241788723944933, 0.245285277699087, 0.245511218332175, 
0.230615543636148, 0.26142425535291, 0.272064410153814, 0.260332343839648, 
0.247377145878923, 0.253887781462875, 0.24189195092731, 0.240364488345657, 
0.230939735678904, 0.257023187516703, 0.22979903303757, 0.235604236667452, 
0.263264634883821, 0.250977997967151, 0.234573537731412, 0.248216469246761, 
0.255813270291234, 0.23423481289453, 0.249359734754298, 0.230024299565236, 
0.250252972762855, 0.22567469649873, 0.233020140728431, 0.234740819612811, 
0.239249966444006, 0.230101956218493, 0.235449808446478, 0.240034439249478, 
0.236991902385666, 0.221241082085949, 0.239074731534142, 0.228656841984706, 
0.231496567547169, 0.243170760286344, 0.2493654686932, 0.22719789129827, 
0.240225418550083, 0.234159949222353, 0.239561475366469, 0.234236772607885, 
0.238765781974408, 0.2386061956353, 0.248477645698517, 0.249450018434032, 
0.223286199370268, 0.244848410801191, 0.240032596255098, 0.245370497227483, 
0.243357711150484, 0.242980491802802, 0.240427194500465, 0.256590975588217, 
0.253765068312513, 0.239519149460393, 0.252841461888261, 0.241523828970606, 
0.249830452466648, 0.248075257039019, 0.246941852603734, 0.230748363933834, 
0.234752761589912, 0.253921029939861, 0.2296074430207, 0.254972003030171, 
0.24016995782235, 0.235812694500048, 0.227168495435718, 0.251789394522512, 
0.242470177850744, 0.238139149004739, 0.237868677047961, 0.232709544352609, 
0.259364799020748, 0.246559295188775, 0.226432059433676, 0.229884951126819, 
0.272077639863494, 0.247436698720088, 0.22650715182635, 0.238084710378404, 
0.262530449086585, 0.231373524393166, 0.242772734453281, 0.235427786205402, 
0.247031576886023, 0.261118938091802, 0.229848169037443, 0.23552874768213, 
0.239796562557658, 0.231002827334173, 0.246422414577695, 0.226835757409859, 
0.227715298210449, 0.25498912254966, 0.24053304617799, 0.241754362813822, 
0.256459154789667, 0.252728662838921, 0.238015049502696, 0.231214962161117, 
0.230691858825254, 0.255587925660278, 0.252393725423847, 0.246229650541037, 
0.231497166836906, 0.258920079396414, 0.2294222657529, 0.24893663372388, 
0.229209160637018, 0.250650050063513, 0.242627242620946, 0.231450340540054, 
0.265227540210388, 0.237334521652341, 0.229632323556439, 0.239423459669292, 
0.247293183274107, 0.236059965197128, 0.230914526465735, 0.238447036276664, 
0.24305618687445, 0.230895878548107, 0.236614170685779, 0.2359105479317, 
0.236845082503702, 0.231253186334216, 0.238713102822852, 0.242061880668345, 
0.250633132993911, 0.230498610754106, 0.241902632685335, 0.229165279524648, 
0.243844515269887, 0.253857694192585, 0.260636803586987, 0.232622675874571, 
0.234426060983089, 0.239122723415095, 0.23761996183252, 0.24486078161643, 
0.248151093048825, 0.234547443180542, 0.241233457227585, 0.234509073431534, 
0.242000883674657, 0.24809846917731, 0.230255891858963, 0.241919551412633, 
0.234895157174127, 0.243320653381604, 0.25241838405364, 0.249418016171328, 
0.244311743177194, 0.236420938194345, 0.24913468016176, 0.248083806726482, 
0.236877569675628, 0.247226649778894, 0.244865296327675, 0.223824943095131, 
0.237798111932101, 0.253157471895211, 0.23081159632447, 0.251984418537655, 
0.238740969765057, 0.234510407472349, 0.232744790972515, 0.237881060752871, 
0.241684070231196, 0.229149774107617, 0.240132838484804, 0.223930304599856, 
0.266070621923877, 0.257111838610428, 0.223002611372869, 0.235417554912033, 
0.241668570944417, 0.239757060529171, 0.231979633223951, 0.254769587682026, 
0.256451372799565, 0.226255232277163, 0.246243761991751, 0.230029671321282, 
0.24646528439852, 0.256861847822342, 0.232477455189744, 0.240288541709279, 
0.232086852993175, 0.220784630621378, 0.241943445178604, 0.229274157436035, 
0.231819695176735, 0.230467732505539, 0.279918687110861, 0.242777142362709, 
0.244885797514382, 0.242277866957535, 0.244745476994797, 0.24586954205832, 
0.223120615352753, 0.245244986218014, 0.243848589538439, 0.242250273275451, 
0.232870826473575, 0.243670961804014), dim = c(100L, 3L)),