list(MSE_matrix = structure(c(0.251472714454523, 0.253341637013209, 
0.285578597835219, 0.309303488928937, 0.261245273452482, 0.270654128965736, 
0.273354502729, 0.238835839048847, 0.243835268493729, 0.271368247334964, 
0.237025177070802, 0.290880138012666, 0.267830770796857, 0.246142728972786, 
0.282216737411957, 0.263875763694858, 0.244098278625761, 0.237878278678158, 
0.249390836749617, 0.240770130576221, 0.244626567359699, 0.237757069657586, 
0.27016850744097, 0.231203651568746, 0.277607714390069, 0.275038063531366, 
0.242981252300456, 0.30798581878121, 0.236131618184379, 0.241271136558929, 
0.257724033818794, 0.248345572993459, 0.24518674879827, 0.239607908891105, 
0.26267059969521, 0.240822741908861, 0.278034528913077, 0.229989888898414, 
0.241297548751687, 0.249187968246633, 0.256129570958122, 0.245598631301583, 
0.254955117311762, 0.27531107279652, 0.2744861734428, 0.242673050767792, 
0.228437195121886, 0.247831200081055, 0.248007764576139, 0.250675581979685, 
0.242052779901199, 0.272083918566573, 0.257961524467956, 0.23956706854897, 
0.237838225924131, 0.274434019972453, 0.254967473206912, 0.237141416549509, 
0.231073652224561, 0.25142448874261, 0.261672561750784, 0.259848415624214, 
0.251249394798234, 0.258883014334743, 0.263983489784072, 0.234238770911826, 
0.241225671442741, 0.247386873893428, 0.260136122962899, 0.236150598656805, 
0.248990259835851, 0.239933326619667, 0.250954234348626, 0.252328853410248, 
0.281718288377471, 0.259996564288997, 0.262567618481019, 0.24963660783442, 
0.243625388728818, 0.245147062455784, 0.255009834903378, 0.27617224646228, 
0.24380452009004, 0.250548847560088, 0.279298220775217, 0.245025862567404, 
0.230645952457283, 0.241930042105001, 0.264207122722557, 0.276202194613761, 
0.262100455240639, 0.261445145916745, 0.250938545898502, 0.233631642041207, 
0.261302204016879, 0.258191486691074, 0.240339578955171, 0.238484002406215, 
0.235150685132363, 0.242691384875851, 0.237567643012973, 0.237825541631524, 
0.239778794243438, 0.259691093599242, 0.24232891655984, 0.253903306311292, 
0.238509187850636, 0.234268991464603, 0.238814638511801, 0.255632565821437, 
0.227769154964495, 0.261938219101599, 0.279342335553828, 0.234434071206213, 
0.261707842077642, 0.242689207594922, 0.23746048320138, 0.234398220390077, 
0.246865333764115, 0.225513100210281, 0.247003550159182, 0.232546337893134, 
0.240435745125681, 0.236307668943918, 0.265319255709264, 0.240544380136769, 
0.241055990910894, 0.268687371668786, 0.22410369901054, 0.231429002755633, 
0.241192489228349, 0.232652978653078, 0.234378952100638, 0.234355668501002, 
0.225321670290726, 0.237246828570254, 0.252338413754937, 0.225175017715908, 
0.246685680592202, 0.231096896020844, 0.235000379988691, 0.234023007977432, 
0.244734188764322, 0.264822758929423, 0.270205923788465, 0.225374226255617, 
0.231768315974711, 0.237467640454409, 0.237373747327222, 0.251110178721568, 
0.232413593887426, 0.250714059231488, 0.244234536292223, 0.235303038159983, 
0.241939257581395, 0.246086732955305, 0.243943841205555, 0.235471309748149, 
0.233147317803442, 0.236976382715491, 0.247689174026411, 0.232763507324237, 
0.258837825639774, 0.247217635187867, 0.232428352934937, 0.229728680119895, 
0.240677160462512, 0.230178740741674, 0.237213706486924, 0.232519669454473, 
0.228576368235999, 0.230943577975265, 0.24837876953234, 0.237056135217726, 
0.247679598505538, 0.233646595469194, 0.249353147400549, 0.23770449828517, 
0.23882578789853, 0.238220181712565, 0.228782774352618, 0.238201092771776, 
0.249920956746062, 0.240481180788635, 0.274347010105231, 0.235435427362256, 
0.228884721583274, 0.232203389269682, 0.245009368248923, 0.263010018967827, 
0.234590260481388, 0.231893187085634, 0.23080417497229, 0.24128120725895, 
0.255410944994317, 0.24898771941691, 0.238125114291253, 0.229340216603362, 
0.228319730370613, 0.231833167195208, 0.24321862151912, 0.234367623525274, 
0.240393440373913, 0.262967230658705, 0.244279363196281, 0.253992580622197, 
0.237012528163088, 0.231927098051985, 0.243891640500024, 0.292217466532194, 
0.23652557590096, 0.251032746311855, 0.258067844782014, 0.247483094528499, 
0.268274771105989, 0.228727039603323, 0.235778052068405, 0.24636720118658, 
0.255502941559276, 0.22436565454621, 0.239332329350168, 0.244400338988316, 
0.254000032753975, 0.229015339772771, 0.261132146456022, 0.244770128079422, 
0.250531328152958, 0.277568825516003, 0.227392250703867, 0.238917129209832, 
0.233670429412576, 0.231067202319983, 0.238104411134737, 0.228236128470029, 
0.226962318220064, 0.242702225734753, 0.248778560901919, 0.229489851982779, 
0.240796020087047, 0.231492856438993, 0.237968750671226, 0.237606797865538, 
0.233881121295901, 0.238505716659847, 0.257869935175864, 0.22107322439982, 
0.229776908188371, 0.241415202973709, 0.25219731979984, 0.259070895357033, 
0.23650367047304, 0.259251505128382, 0.256405787175579, 0.235580298458608, 
0.230694032326491, 0.251233046831923, 0.24034386359421, 0.234882199449355, 
0.230072654744811, 0.267599727889309, 0.258996484260911, 0.237235121580218, 
0.247507018249, 0.23697334035185, 0.226721262619679, 0.244614978813062, 
0.229348539056793, 0.233718844681853, 0.261689251938359, 0.24090183369983, 
0.23692363873263, 0.229326668579363, 0.240001571356672, 0.238342298667948, 
0.251772982506039, 0.242016490995098, 0.245851798191092, 0.236358544493012, 
0.252816893808375, 0.228964759479812, 0.244699921730732, 0.239838317406756, 
0.249697974645316, 0.233347009693504, 0.255373903202972, 0.230478663891733, 
0.235229130129962, 0.239993981412822, 0.243747783645447, 0.259073068805606, 
0.238030294531518, 0.23813052500624, 0.242465795244969, 0.234191385162643, 
0.268488702578728, 0.249791465344642, 0.233747391835204, 0.233700372272822, 
0.235107760959894, 0.233158467276822), dim = c(100L, 3L)),