list(MSE_matrix = structure(c(11.4616665879705, 16.3231461518669, 
9.63728895525063, 13.3931413923277, 12.9762280114411, 16.9123232626158, 
16.0804717365858, 14.1388399674013, 13.2384894795723, 10.8763930001392, 
13.0177457618388, 18.2685598788127, 19.6288892729622, 23.7573658760493, 
10.5094595205364, 13.8122308969265, 11.4188490457417, 11.4264856463784, 
14.748296462655, 9.63865318755979, 17.5933643399288, 13.2426027506685, 
15.0536732921459, 14.348531385993, 14.8190870549154, 12.0101113113658, 
11.8688156475522, 18.571194433654, 12.0304808423363, 21.3538216784363, 
17.4280844342214, 12.7751785083011, 10.5425117210059, 9.9189162072961, 
18.3207209224932, 10.7602471192653, 22.3004939246279, 11.442715019487, 
18.4369180096056, 12.0813433545226, 11.7789550751305, 15.1708772770121, 
10.5466988884912, 14.0015871453003, 13.4618758743338, 11.4605157448215, 
12.4829300168261, 20.1489779056344, 16.6270984823459, 14.1432901240645, 
6.02424452045364, 13.3272586997679, 10.5473067667965, 16.3500049059511, 
16.511846384189, 10.3701015812925, 18.4496878932865, 13.8707335943703, 
11.2245060538093, 8.96699223829438, 11.1425075100025, 7.89602435135277, 
14.9284558859204, 10.1408597817077, 14.0285001234121, 15.032270680183, 
16.3109048345149, 14.8877919637803, 15.8057276259831, 16.7484460870291, 
22.8381624923245, 15.997316193402, 13.5109151494847, 12.1138921433675, 
16.0058359843171, 19.9554803371816, 9.91009235510934, 18.7697326450384, 
10.5221891689719, 18.3292390644212, 16.6352558063963, 13.883742305786, 
13.4683166206504, 13.3553337239338, 14.0350267637194, 12.5577689962815, 
14.9263976315125, 15.7045082443433, 14.7870412144718, 15.5938253939796, 
16.5233023171869, 13.5002973140592, 7.87659674974722, 20.9790281618886, 
13.3275941303574, 11.0034104045996, 7.71145825170222, 12.0009061254462, 
10.2770832822965, 9.20365199062852, 12.339230259795, 16.9920604306471, 
10.2356409950595, 13.0716086308982, 13.5705301897458, 17.4990169966711, 
17.4648885664806, 13.9221593625109, 13.7871403410664, 12.6084951122088, 
13.7037414364841, 18.8286104237886, 20.4746134233725, 23.6488716565253, 
11.0384236026028, 14.2265297400623, 13.4588505307302, 12.8435239474988, 
15.6202566991656, 11.1093119230717, 17.5466417234169, 13.813509761754, 
14.6437913590543, 15.8976040937303, 15.3853302215199, 14.5588167638343, 
12.5258553170011, 19.451211208028, 12.1067383463064, 21.494837574998, 
17.7839182736767, 14.1711327093298, 11.1070971701316, 11.3242995521708, 
18.9268556344485, 12.8699961110684, 21.5928679853956, 12.1679244363421, 
18.6652977120796, 12.3830010030023, 13.3757568914847, 15.0871068520431, 
10.5168692032611, 14.4973007684115, 13.8365036865894, 12.2565470050621, 
12.6178907569908, 20.098405450409, 16.5937926639692, 13.9726370026306, 
7.15796396069438, 13.1177023946548, 11.6824834430917, 17.1474949092684, 
16.3098132606437, 10.5671809020531, 19.2458268485271, 15.1445410937656, 
12.1526181971001, 9.39890224009284, 12.6225808584531, 8.64555401455151, 
14.4986599698098, 10.1306694568146, 13.7555990342919, 14.5530425217587, 
17.6052669357026, 16.245744653759, 16.7831015525184, 17.5816117760617, 
22.4358491679161, 15.3061542276382, 13.2381301377712, 12.9370342383284, 
17.2265962505545, 20.6999075944562, 11.1803595999938, 18.61875820506, 
10.7728502233584, 18.5923021117893, 16.9872251482109, 13.3798919948957, 
15.0125020512534, 15.2315735554581, 15.3517710613499, 13.06657436226, 
13.9812384497155, 16.1623717853703, 14.7968289974063, 15.1746022783425, 
17.355319514502, 13.9369471123364, 9.37874512179201, 20.5120068774029, 
13.9198540709699, 11.3397079495414, 9.1579657701693, 13.7844369982928, 
11.8533434355531, 10.7048734113752, 13.842950302345, 18.0655802234471, 
11.6366967887367, 13.7110915499854, 14.9805225264706, 18.6507106334496, 
19.3674219145368, 15.0053847948887, 15.6587303269745, 14.630131423576, 
15.1334233630802, 19.9740260442122, 21.9532452237626, 24.2160928544791, 
12.2758589678355, 15.352531796896, 15.7737549091896, 14.8604766831361, 
16.8228631699706, 13.4750913134387, 18.1177249088768, 15.4399996314617, 
15.1985664941019, 17.9206525981691, 16.5243852284132, 16.3786294961959, 
14.5997918717167, 20.9989878570491, 13.0217476832473, 21.7611629670059, 
18.5475783019988, 16.6207857374739, 12.5235091758742, 13.2673090666276, 
19.6118261835667, 15.9446794241173, 22.926450158676, 14.3646889411481, 
20.2453387137463, 14.0647118027763, 16.1698986373452, 16.0307902656171, 
12.3223538382027, 15.8087640370841, 15.7688389898193, 14.0439355972989, 
13.7746808698873, 20.8597044645805, 17.713188221888, 15.6996669355684, 
9.45328072678148, 13.9471294309124, 13.872911954723, 18.817499311893, 
16.7342423053188, 12.3688454340384, 20.4641517751487, 17.2790749580654, 
13.6846552198865, 11.001900520312, 14.9960621734303, 10.4481242844642, 
15.2303005988139, 11.5143091088327, 15.2244876142764, 15.8257481318472, 
18.9620823150151, 17.807576130578, 18.8773844063505, 19.1146031888063, 
22.9494857026924, 15.7228437527023, 14.410175268643, 15.1375727821775, 
19.0432124000348, 21.6892144758218, 13.8343881292005, 19.3501244939869, 
13.0457091973014, 19.9367412043142, 17.8261473937169, 14.5273765447403, 
16.6605633474982, 17.3089394019861, 16.863824198876, 14.8499161738644, 
14.8325362018684, 17.4786338359099, 15.7449831611851, 16.1238580281005, 
18.8459606009498, 14.7923734728082, 11.8513851544434, 21.6669226795422, 
15.0859567272696, 12.7196629442463, 11.7900693158505, 15.8917508620999, 
13.9650809666038, 13.4426468051392), .Dim = c(100L, 3L)),