list(MSE_matrix = structure(c(11.4616665879705, 11.6336102257502, 
12.3999255385029, 13.7783742905796, 12.779430234403, 13.1192649869673, 
18.9938800826406, 11.3606439308302, 12.8860966203848, 16.6395720865059, 
11.8004623995767, 19.5874876966301, 13.0753869834958, 11.7259081805554, 
12.7546790595233, 12.0133275440578, 16.2512663778881, 16.0717694451838, 
15.5475518401146, 17.427017629273, 13.1777472188026, 7.76467146589351, 
17.5904663755809, 14.5704027122334, 12.1841646876921, 18.827942449033, 
10.7346610630711, 15.4534325285161, 16.3131071886149, 12.5377150796586, 
13.0003889593253, 10.5417208135265, 21.8399094284907, 16.1861467555428, 
17.8895844006484, 10.2682023972077, 9.83070702598554, 12.5612993925518, 
7.54826467508419, 12.0089039042736, 13.3124417700673, 11.6409704572158, 
11.3141571375058, 11.1888154908203, 16.3815363548747, 14.9505261545951, 
11.0574856615541, 17.5872988906758, 19.6568767512672, 16.9514170432132, 
14.6475376728443, 13.6359382246693, 15.1314442743821, 10.8188650250268, 
15.1494634262805, 12.7713711414508, 9.38288086920941, 9.96458239632918, 
13.7479211310824, 8.32357251839879, 18.1362037438004, 15.5738074117268, 
17.0577470475049, 14.8382722608886, 10.7824359089778, 16.0330112191467, 
13.5575277280496, 14.5824427694272, 9.85198423504779, 13.4168049106139, 
17.8562415155908, 13.360784086777, 19.5887062794406, 16.3365714694592, 
13.926926947543, 14.3621790536581, 17.4838815968015, 14.0937358206645, 
9.23339319945268, 22.31683472889, 15.8329506520726, 12.1421711336631, 
18.3879611292726, 13.5680556576685, 11.9863881225962, 15.1321558638374, 
14.7406851630849, 18.9135166214892, 13.3911464868549, 18.6476862760737, 
12.0527338212589, 12.9195722923851, 12.5486292501801, 8.24952605881259, 
16.8998208972499, 9.54364302102692, 18.9318215660186, 10.6288879560772, 
14.1586178781148, 13.053876074159, 13.9711724960643, 13.9687652773745, 
16.0252582935843, 17.3461281629672, 16.8072154645611, 13.682974488147, 
20.8615234838899, 13.8946676779658, 15.1313891887847, 15.8647358622415, 
15.3185713049482, 19.601127041641, 14.8201259027119, 15.9289759150858, 
14.7772269067956, 15.8691174260235, 17.9852720430476, 15.4379442310063, 
17.6344585183762, 18.7920873534274, 16.3358289434527, 12.0588419791666, 
17.3399484725493, 18.4871951052403, 15.1275412514565, 19.3728025778921, 
15.5808067667202, 18.7248738783206, 17.1853674754315, 15.8762020630423, 
15.0700004031983, 12.5277886289964, 22.6135922136585, 18.9904321280285, 
18.509204575364, 13.3147320918727, 12.2357198044625, 16.0380618444104, 
11.2140129421799, 14.6885535519845, 15.7093741457175, 13.9360376306466, 
16.1292532352176, 16.3238097148938, 19.7424535279314, 17.8015434380222, 
13.8189937970737, 19.3171163072236, 21.2558822859623, 19.6721852352107, 
15.3064484281018, 16.4027072036009, 18.3472474616187, 13.8699445040943, 
19.2844673057794, 14.2777778464802, 13.8746870828583, 13.5966607874288, 
17.4876650418111, 12.0197750726499, 20.7107101001916, 15.888851063876, 
17.7714468003632, 16.6801988862965, 13.6728336385385, 18.2076333199633, 
16.7786060320322, 16.3903276440606, 13.4531822042706, 14.8045085663615, 
16.6153239802859, 15.5651555994109, 16.5596920013852, 16.649780397851, 
15.6062112058843, 17.8487516709837, 19.1019370816392, 17.3657848614115, 
14.0202697448307, 25.485097556927, 18.4781843099954, 12.944865959758, 
19.1902670387804, 15.4269689917254, 15.441200504222, 16.5286760493739, 
15.9965499847041, 20.6283096889262, 14.1849710048144, 18.4915123817251, 
15.6646262424268, 13.9602496596679, 14.7906634341949, 12.6470284733727, 
17.7005305092554, 11.5992289807416, 19.7879729179693, 15.6116457160585, 
14.1481584532281, 14.3359935874558, 15.4801665002496, 15.7148557797454, 
17.8570357964498, 19.1470254827862, 19.2361315549971, 14.7196489916949, 
22.7605176634056, 15.2391011143546, 17.1421678097878, 17.6057317274349, 
17.0277646551221, 20.3513016016972, 16.7434677669923, 18.5905510692554, 
16.492843786858, 18.0679118826983, 19.149947762245, 17.1149825168749, 
18.9575559517632, 20.194379779113, 17.8937959271375, 14.0850784849687, 
18.6345144182546, 20.0571096250578, 16.6898559385845, 20.4174483061404, 
17.6410805701418, 20.5161923265037, 18.6674635116238, 17.4803339858893, 
17.4981328942373, 14.0718293797623, 23.5836089788379, 20.6105081241267, 
19.7774098780074, 14.7730665345371, 13.8025036694256, 17.3846502371896, 
13.240349837766, 16.343942179545, 17.3274449568197, 16.3332234800651, 
17.9759640240607, 18.5237010314021, 21.4585747392716, 19.9750094085213, 
15.4285773664012, 20.3649002630455, 22.5545009503648, 20.8900716579906, 
16.3993291012845, 17.7674091274769, 19.7183172796578, 15.113054968524, 
21.0488516573234, 16.3925822320781, 15.9768830689696, 15.1048351552589, 
19.453734788203, 13.6062511750586, 22.1457382147022, 16.8335962204109, 
19.2339491171802, 18.1006785287534, 15.799283801785, 19.4190144847461, 
18.975668922262, 17.9747176925574, 15.2187740071505, 16.2806133350298, 
17.7017741942606, 16.8659445994619, 17.6959915224539, 17.2862305035422, 
17.221082382268, 20.0035616546791, 20.3814075387124, 19.1600408370997, 
16.5672446842634, 27.1554257708318, 19.7270904911694, 14.7227026721655, 
20.3753199585675, 16.8803144885279, 16.7160745222447, 18.2010815742274, 
17.4443719335196, 21.5094779275537, 15.181134206915, 20.0771551414524, 
17.909674914326, 15.5864459209537, 16.6175579972685, 15.1092266811471, 
19.4975229222729, 12.6032564089738, 20.8460366527001, 17.3961441709753, 
15.3366901500798, 15.9529162624511), .Dim = c(100L, 3L)),