list(MSE_matrix = structure(c(25.0130578523915, 25.4838116517237, 
20.1958128514499, 31.2842185398976, 26.3244805857424, 30.6748338124471, 
23.224195594487, 30.3977691465322, 29.5065075755761, 26.638014963022, 
43.2818291253439, 27.6767893816262, 22.4697222268459, 20.87202556226, 
33.508468623276, 25.9656447358508, 19.1419751131018, 19.3220011003905, 
33.2101003242453, 24.9324947946545, 32.0777192399395, 41.4652773238579, 
28.7176654970371, 37.0808297144546, 25.7366499338883, 26.5297491424919, 
30.766824848122, 21.8804527093613, 26.3579173600272, 32.1705503486056, 
22.4777147452276, 24.2442091212259, 24.7147733688003, 25.6988769850115, 
27.3687619466965, 14.719214893683, 34.8113771609803, 24.4243755154464, 
25.9174931693439, 19.8076215387333, 28.4157401050823, 18.1540097715114, 
22.7839752404807, 31.230792435973, 36.1207283482708, 21.4947360263937, 
25.9663616265434, 25.24165570936, 28.3568907393785, 23.5212072473592, 
21.9240209832242, 22.5151956364346, 21.7088507584509, 26.1389020684254, 
25.5195918515131, 27.1211880669784, 24.6824459207736, 12.2409448625927, 
30.7619557877042, 30.865546822708, 35.2655218591159, 20.962209036592, 
25.4151801613517, 27.6733228524671, 38.3972670502118, 19.4197833802992, 
17.4810337999381, 17.9336008840904, 26.3597994063953, 21.4596706104643, 
15.4206052090359, 28.9895349153392, 21.3970459533439, 26.0759553907015, 
28.4622582180366, 27.1268572914272, 31.9399128485702, 31.4564254824491, 
22.9846304055177, 26.037663361997, 21.7287521786223, 27.824793716811, 
30.8324736740568, 23.962984313003, 19.1386200817567, 22.4793555212003, 
28.7676618164759, 32.1565057370432, 25.4301880071152, 21.1344068290521, 
19.1157052108247, 13.981535515588, 25.8490259228922, 20.7058134232741, 
24.7942812681516, 25.998609538764, 28.6463379245363, 28.0834229293279, 
20.5173571776675, 25.776276246036, 26.1207373612697, 26.6925862689087, 
23.262957786756, 31.1041516004394, 25.1291294426243, 32.1747910405377, 
23.9313670137282, 31.9356203231982, 27.3442962659502, 29.0209210610039, 
44.8983464600525, 29.9410016308202, 24.5992109838921, 22.9905452042313, 
34.8957848376934, 27.4969289577861, 21.9027610429408, 21.2026229869324, 
33.6874063406769, 26.0534526431735, 34.58743737335, 40.7089609934016, 
30.8901975539957, 38.0666523044851, 26.2907181817038, 27.8463705470246, 
32.8238106456401, 23.4379605770724, 27.9968944433165, 34.873660315378, 
23.3522351419695, 24.4118971825697, 27.2237459333148, 26.5085010449381, 
30.572708679183, 16.3096679173492, 32.616459278652, 26.3466873803795, 
28.0982140443829, 23.1151907245069, 30.6937937319594, 20.0203142764861, 
24.3107121607428, 33.3678301864947, 37.8631538822793, 21.6660274461105, 
28.2945593164013, 28.1534574346008, 30.5529375436865, 25.5364506862638, 
23.3435559917146, 24.1838333632601, 27.1470383733615, 27.9463021357932, 
27.5379331010416, 31.1100170501107, 28.1675897894705, 14.628248626966, 
32.6124296518752, 33.384378092274, 35.7413629768809, 22.3053103943874, 
25.6343153288599, 27.2251226978651, 39.1770028654147, 23.7611893594178, 
19.8640998324449, 21.2561674249071, 27.889463846023, 21.4326451954383, 
17.6597484683667, 26.9627363475277, 23.4908095699798, 25.9173760245559, 
31.7619411306546, 29.512227175809, 33.1146489205765, 31.6630357508204, 
24.1854178022897, 26.9024868822581, 23.6171772899284, 31.0682115217602, 
33.5387857048663, 25.3685655711474, 20.9017363690005, 22.7327608279172, 
31.5285233524457, 34.3094483551066, 25.5608838212033, 22.5291257078782, 
21.9307609850927, 15.5353231331943, 30.0970584967038, 22.3868504686368, 
24.4324827776911, 25.350931950266, 29.9901134615593, 29.0511540461849, 
22.6554264747258, 26.6824802946662, 28.6116389412931, 29.6144615435437, 
27.2758423261537, 34.2745975018575, 27.6707784548049, 34.3932969634465, 
26.5775933968595, 34.8353355593023, 28.5185513745668, 32.8584319021249, 
46.9651478660944, 34.0640740319882, 27.0294955936501, 26.654333681628, 
36.8622298726079, 30.379878536677, 26.8129042194142, 24.8050599938158, 
37.074823763275, 28.6071440207927, 38.0459907766033, 41.6431111771727, 
33.9285506552371, 41.0036586505741, 28.7944562540853, 30.2898514468611, 
36.1282795169436, 27.1633972757964, 31.3024820217185, 37.5009396910529, 
25.8630774711616, 27.1350252851416, 30.1792441702143, 29.2839740441461, 
35.9929885391697, 20.3325045345338, 34.3689084454842, 29.7774218020218, 
31.4134829752224, 27.7932972353977, 34.304007803064, 22.9932648186038, 
27.0069215242961, 36.6797737272578, 42.4107132232344, 24.0236683532754, 
31.5711053214083, 31.6263394544019, 33.1260471993587, 27.9780455832204, 
27.3689245136277, 26.5501249529689, 32.4186822201873, 30.7232682810583, 
30.9057579191324, 34.7523080220368, 32.8725865161894, 18.2127094398573, 
36.0875556961122, 35.7983399367982, 37.9265721446752, 25.9442800484635, 
28.173056020352, 29.4539566369389, 42.9798776635759, 28.6547636857944, 
24.8724729267651, 25.1268191112267, 30.2998676846986, 24.681204854535, 
22.2839273471706, 28.4742133777479, 26.605339588916, 28.8849018945864, 
35.8066205314504, 32.1147847699527, 35.5687439913827, 33.9999930121739, 
27.2306277530944, 29.3871388199596, 27.1203947561189, 34.5433445841078, 
35.6829896357457, 28.6216477274176, 24.3697555182754, 26.0887742991207, 
34.7120291901993, 38.5052538803369, 27.9226507783128, 25.3530350387907, 
25.5877399161379, 20.2180100292627, 34.5600860559125, 25.3793200866329, 
28.3590794610668, 27.0748328100598, 32.15170125857, 31.5638231758728, 
27.1447386697319, 29.343157288054), dim = c(100L, 3L)),