list(MSE_matrix = structure(c(12.9249651343826, 13.9144702498937, 
20.5531486195572, 18.1353732342796, 16.0412460740949, 21.0999297402742, 
20.9603074969563, 16.7968675825907, 17.2790814018169, 18.8586652023877, 
15.3344021715063, 18.7557768063037, 12.698848415305, 15.169918742262, 
10.0273573390077, 16.1505532393691, 16.3961595897706, 19.7145013061565, 
18.2488580406655, 15.4652830696381, 16.7212577724091, 14.4385110138741, 
22.7047620030601, 9.44513981541357, 25.0753119662672, 21.9664653459289, 
14.8299224076138, 18.1333419688743, 17.7544287298615, 20.7136580863203, 
17.1021556454686, 26.5978725911876, 19.7517185470403, 13.0867738005317, 
11.0891625036895, 13.8263521549731, 11.5019109227525, 13.6267063758087, 
12.3400196537503, 16.5817466191152, 16.4516323016315, 20.1667811899349, 
13.9512807101047, 12.6466529680272, 16.6195880797391, 23.5815212304035, 
20.8626010770986, 16.9307505102473, 16.2547154473821, 11.2685280808445, 
13.1830619714601, 17.0217996563317, 21.9541695819624, 19.5165902425465, 
17.0761875956178, 20.913431859123, 14.4875342421775, 15.270352216987, 
20.9069071138653, 17.6169840368183, 19.5757579667117, 21.6565740294086, 
24.500672180092, 13.4500483165558, 16.0959660194186, 19.0153104733139, 
19.3426590120088, 14.9825919021582, 15.9270147709254, 21.6802490088259, 
16.6297824045329, 23.5344867071129, 18.121594212049, 23.1174264430866, 
14.8997763413549, 21.2056549489613, 17.6976730532888, 20.1627225859922, 
15.5500496833782, 23.0480041157169, 22.5620944725193, 24.5885023466419, 
18.4641838339162, 23.9235190166514, 12.9467389060773, 20.3637119759876, 
18.8395779850087, 14.8626082360284, 15.0409704460469, 21.6371551906368, 
23.372376952599, 16.3910261590884, 14.7993078301203, 15.1027956230064, 
12.898047142502, 12.331232810584, 12.7087217247715, 17.027836415453, 
15.7353597072211, 11.3911224578585, 12.8340847407571, 14.3811066114526, 
20.4205078337659, 18.324665457878, 16.0325518387474, 21.2156921763783, 
21.4738785676025, 16.4745369822685, 17.0924282565582, 19.061159833198, 
15.8325379358658, 18.6019278759185, 12.3890652156888, 15.9455441861663, 
10.5947490656063, 15.4015155447916, 16.6638675351102, 19.5323969044642, 
18.5444069063116, 15.8175202084401, 16.9484815736739, 14.5154029540486, 
22.5181406036243, 9.9350495856467, 25.1811218509918, 22.0616291927642, 
15.0234683412683, 17.554229354695, 18.3523533497973, 20.7321699203889, 
16.9419558465126, 26.2375411923781, 19.8326386180321, 12.5146183633175, 
11.3349454078344, 13.8076731847653, 11.5839688136535, 13.5484122603131, 
12.3809873194693, 16.6996209406796, 16.6886369582939, 19.9545236886791, 
14.0963387533594, 12.9755778312761, 16.4834634627727, 23.4974113988721, 
20.8076560035002, 16.8216978831836, 15.7900767004829, 11.3444720697964, 
13.6399838791598, 17.4410955673507, 21.4743197865602, 19.8426767874767, 
17.2336155076414, 20.9915010232226, 14.2091734000453, 15.2157112818629, 
20.6385427217526, 17.6098860812018, 19.0916656240283, 21.5713456198952, 
24.7673858069837, 14.1561193220573, 16.1544673308746, 19.6849061685939, 
19.4525513273394, 14.2197437286835, 16.2361665397903, 21.686516579186, 
16.1015976117038, 23.1508514998684, 18.6195616518576, 23.2098509892298, 
15.3017072654971, 21.1732114657813, 17.8488362668719, 20.8161086065684, 
15.6164730287264, 22.1959386953719, 22.2270148716299, 24.3148879460315, 
18.6347987605005, 23.8700706290455, 13.5414749147854, 20.5396108465262, 
18.797389006195, 14.4711290051655, 14.7824308317737, 21.4194867621723, 
22.8729511102721, 16.0515277460055, 14.6583775684647, 15.3255119015707, 
13.0435249467183, 12.2184237049048, 12.9285989413316, 17.1053337088074, 
16.3785510262351, 11.7282388947896, 15.0516213304423, 18.0998423653254, 
22.0018606898784, 20.953760605299, 15.8403851288204, 21.3440087717964, 
23.0819099779912, 17.1772503711797, 17.085606664152, 21.181704033963, 
17.920776293796, 19.7019267478873, 13.188989138429, 19.4046698987308, 
13.4287597396192, 15.6352659712934, 19.0579686658659, 20.0560176036082, 
20.1883658940992, 17.1745012461335, 19.7587587175802, 18.0582064294704, 
22.7804425162279, 12.3012898721575, 26.5739966264117, 23.3233033939835, 
17.1305202425066, 18.4022555759858, 20.4446880525519, 22.4474630450446, 
17.9692301502368, 26.1486012387646, 21.9647779238536, 14.1704470491685, 
13.1653009712365, 15.3797771121362, 14.5871543521221, 15.2303692749829, 
12.9657676860761, 19.0431587301454, 18.8563417699532, 21.4555016552022, 
15.7287756556284, 14.6121591794456, 18.1175158402745, 24.294150449853, 
21.8865418415192, 18.3018562872385, 17.117520210489, 13.3360271215926, 
17.037303703954, 19.224402949203, 21.5331230150933, 21.7003656050158, 
18.8448205556689, 22.0707488485137, 14.9835898908053, 16.7477629543115, 
22.091122854141, 19.4005773272157, 20.2071704842251, 21.9408883854081, 
27.3030491040339, 16.2617744478355, 17.6445136292997, 22.2076178592446, 
20.4458851009484, 14.5559698244408, 20.6452501704127, 22.538658349688, 
17.4939353984718, 23.1926733992805, 21.397002740027, 24.1431937463608, 
17.2908545272247, 21.8037907781943, 20.9053452093717, 23.3821268372684, 
16.650386038806, 22.4481742697415, 23.0120481119196, 24.9704803674417, 
20.1483042114224, 24.8459640666805, 16.0222232762316, 22.1781965322134, 
20.1916874064305, 15.1855511636019, 16.3661619668471, 22.142364882304, 
24.7424989838608, 17.6423493873735, 16.3105984671406, 17.0585832648195, 
14.477797794956, 14.0792079034995, 14.7508674009076, 19.2565891951355, 
19.6609657197875, 14.2876649496114), dim = c(100L, 3L)),