list(MSE_matrix = structure(c(12.9249651343828, 13.9177104172254, 
11.4644718439943, 16.8601083583052, 16.7589290113658, 13.3709841113337, 
18.5648577840639, 11.8095613137796, 22.3725361570114, 18.8042208426705, 
23.587557233887, 19.8983752419221, 19.73622283179, 19.1103494027092, 
17.6001447828582, 22.7046477185933, 14.464753403407, 18.2540007060683, 
16.3832727545097, 15.185984109015, 26.9234900860373, 19.6176989488407, 
14.4220620942039, 16.364053413218, 18.2295855106974, 22.4352621400208, 
17.0051211049746, 23.2077176239, 19.0317871733209, 19.8620397944317, 
11.5569013805915, 24.9285018159197, 19.0489889068166, 17.8067874589283, 
22.5595031510786, 19.7191569736481, 17.4338758606487, 21.0803290800391, 
17.746614062694, 11.1349416336557, 15.4312720179228, 21.6975606208927, 
21.5973986179162, 22.4938865746053, 20.2981137653997, 20.9285052091536, 
17.0837680124341, 20.9216129025741, 19.9298869238773, 18.3279673601514, 
24.4378041932458, 18.0649373995761, 21.9810868079941, 19.8028684508713, 
23.0688812722137, 20.4651917718256, 19.3056953180219, 16.9964044527801, 
21.3103473442066, 18.5730222368667, 18.2027289050086, 15.1381320647265, 
12.5960422259145, 19.0973070771627, 18.7571130473888, 17.0322601396467, 
21.7531698107223, 18.2249242796423, 15.1125942048854, 23.1554209835021, 
21.469125273306, 18.5647347341301, 18.7235488368331, 22.4005079535317, 
18.0450590503249, 14.8611334343459, 18.2178832534207, 20.8244598958282, 
22.7648903414355, 12.7649648628582, 17.5279713882141, 17.7416576264036, 
23.2001197877955, 11.6923533609811, 25.6517604438479, 16.6089717443465, 
22.2406885233109, 16.2336080394427, 11.8983458885861, 17.7546829245508, 
15.7249416723146, 13.2936224355329, 32.4126218808747, 17.4526733403968, 
20.774515809033, 16.1356968365612, 18.8809908254698, 17.2583321187274, 
22.8886991960571, 13.9216701651292, 12.8976402910569, 14.2281840163561, 
11.6371908522857, 16.9141942440698, 16.9851424471436, 12.7122884869665, 
18.4769295148498, 11.5526074040388, 22.4643560376655, 19.1813520671251, 
23.4260901617603, 19.410476794965, 19.5367264148808, 19.446086145843, 
17.0151915009569, 22.4783002584427, 14.0839783430976, 17.6855594462805, 
15.7943864013136, 15.5209578819604, 27.1319437327481, 19.5320098910355, 
13.7105035113974, 16.4902650117354, 18.6583155372942, 22.5603187761287, 
16.6444435333654, 22.5619505053734, 19.1705801684233, 19.8287576352746, 
11.475788659241, 24.0702988991998, 19.0868033858797, 17.6534382367501, 
22.7554670234899, 20.0241545614508, 17.2464333817089, 20.6177512604509, 
17.5444430822017, 11.6802979056588, 14.8096371504974, 21.7502996281004, 
21.847011328018, 22.3153052998643, 20.592985460492, 20.8457589054438, 
16.8459996980776, 20.8707077395526, 19.8770626472535, 18.3912402038365, 
24.6163326705342, 18.0603945938382, 22.2732476062699, 19.563767569627, 
22.8119213391378, 20.4801276288859, 18.9980471650345, 16.9515716481726, 
21.151843572343, 18.8246298811591, 18.2167926024739, 15.4438047843337, 
13.0192639446042, 19.4373978391719, 18.2576116746339, 17.2973838754882, 
21.5551670863211, 18.8150437439189, 14.35014883177, 22.479966887327, 
21.0263036118975, 18.7768075336098, 18.3778681323, 22.2531229705169, 
17.1782603138792, 15.0862099637724, 17.8891549517164, 21.2176885385399, 
22.0477556698279, 12.3000653501974, 17.401701065715, 17.7628942987381, 
23.5244252817571, 11.7464964877614, 24.1110288373113, 16.8733570655899, 
22.4771508462963, 15.968264541926, 12.4922294052563, 18.0858525334793, 
15.5335944947789, 13.1555975846851, 31.8335478822668, 17.4486887361712, 
20.4479028069211, 16.2098045985457, 18.4863829394354, 16.5097438049662, 
21.726512178796, 14.350833100244, 14.4121283902072, 16.7985791049993, 
13.166694156557, 20.234762396994, 18.4566279790543, 12.9937159018787, 
19.2456505750419, 13.4999791174472, 24.0690869332987, 21.0498001136996, 
24.0442124228487, 19.8717738842552, 20.2719942833994, 21.5013536204137, 
18.1786923506805, 23.105938544816, 16.1986630933798, 17.9453370807579, 
16.2750143596001, 18.2942033251531, 29.7060971642123, 20.3951481742905, 
13.7019505873324, 16.9886788466534, 21.0456665771734, 23.771100040675, 
17.3582801228795, 21.5277079261809, 19.8607448631715, 20.3500933382677, 
12.9386511844441, 23.6017240630044, 20.7096548964509, 19.1389577063913, 
24.2634031247129, 22.022981502693, 18.7634219916106, 21.2015664515436, 
17.893568687768, 15.2419964573235, 15.4683161425821, 22.9095905942367, 
23.6837557622707, 22.5665890899038, 22.1884685999714, 21.9823080046115, 
17.6022326268036, 22.0750492492557, 21.0155589155842, 20.0969272880764, 
26.4852719804409, 19.5408221913437, 23.626900124217, 20.5677355119874, 
23.0250714629198, 21.4995750409825, 20.2582705500431, 19.4731966743539, 
21.9296886487896, 21.2287936434486, 19.3227492424435, 17.2322778657687, 
15.1165942817119, 21.3472774560554, 19.1731731337097, 18.5381134277396, 
22.0319291469686, 21.6784685754258, 15.8130188721111, 22.2036035720284, 
20.5727803483571, 20.8080223692329, 19.0309741539388, 23.0549546641581, 
17.4329345770128, 16.5829807757014, 18.28724336279, 22.6778179606024, 
22.18319041539, 13.5986816978929, 18.3037329442339, 19.0145752334277, 
25.5283697981957, 13.5533858080105, 22.9495586387963, 18.4626446020825, 
23.5285807690628, 16.723730445697, 15.6398178639639, 20.4942016117996, 
17.7209411185605, 13.8257406628149, 31.1605434581437, 19.7926675698039, 
21.3004709667466, 17.5242203725554, 19.4506158755439, 16.9089520461099, 
21.0079469089661, 17.244607491341), .Dim = c(100L, 3L)),