list(MSE_matrix = structure(c(11.4616665879705, 16.967330093162, 
11.9180161599669, 12.0181265511063, 10.6888533229216, 19.5314848501256, 
13.2761010831165, 16.9709962455772, 9.05047415779858, 10.976741539256, 
15.3899964463673, 10.8823838869748, 16.7230984145746, 11.2196380344514, 
16.602779520436, 17.8254385263387, 16.7260423409733, 12.2893059980453, 
17.886418253931, 17.9619289552663, 10.4959876470641, 12.9787818471921, 
12.3280360184045, 14.33116977724, 9.74915241467175, 15.0468688650084, 
17.4663608053021, 13.5713205212233, 16.7485147980183, 13.3018373228811, 
13.7920850935047, 12.66354574274, 11.8756467977011, 12.4516508418872, 
10.5491544129551, 10.7497981374596, 13.9310735162357, 10.271248060518, 
11.649876933021, 19.0731609600274, 14.1384439951768, 8.07004271065006, 
11.7880527974022, 11.8782795714849, 13.2203001121889, 13.0028962889015, 
15.3770079988059, 12.1025467008929, 8.14280525217492, 9.75078872055767, 
17.8697718454781, 8.47578715902065, 10.1399323371714, 15.4894151228698, 
10.4998331929291, 9.26694864329512, 9.17923876817799, 18.1196011922748, 
13.6124784652863, 16.7245045960999, 16.0415552239323, 13.8490872192841, 
8.18413975151701, 17.4790708971804, 14.6026448619467, 18.3705478237753, 
16.0460743816533, 12.2623951014187, 15.6501057157265, 12.7480085457934, 
15.2025283513722, 16.5224269873059, 19.0832192432199, 8.37324605881605, 
18.4954258110681, 19.2073487371888, 10.8525512966993, 13.8019076947147, 
9.13588011243775, 13.892162833457, 17.0547327797365, 11.9530700193267, 
13.4065923034516, 14.1234623828024, 19.1626414984377, 17.3823909478957, 
17.1410763813699, 14.3950660014589, 12.2683352057423, 12.8679941637827, 
13.8503196543174, 9.34498980540531, 10.3978634628322, 17.0988407032561, 
15.9377205439154, 10.077206242755, 13.3704995551851, 17.2811925946667, 
20.0338898544816, 16.9596120803266, 14.0029403106844, 14.8372467590465, 
13.4898315979401, 16.5052872810415, 13.7038662056784, 20.649309013316, 
15.6756283493261, 17.4214486998922, 11.6377941407594, 13.6781119215495, 
16.8648112448762, 12.6447094550874, 20.0559093755865, 13.1741076038769, 
18.3026876973375, 21.2642306262737, 20.0807415780862, 16.9833003341241, 
15.9067637608992, 20.9967181278925, 13.3666982829063, 13.6630189939874, 
13.5865508797161, 15.9201215723695, 13.8459374309753, 16.6607761018178, 
17.7176497972717, 17.2107629041189, 18.4421539652921, 17.0842700718824, 
16.0017197584719, 14.3057077039865, 11.5457377770182, 13.9311853879657, 
13.3580730078903, 13.4942062065888, 16.6404513403403, 13.3582453326331, 
16.775524618841, 20.340844999766, 14.746836985331, 12.7881309112109, 
12.0705334694605, 14.1899900807815, 14.6361729615206, 11.8338620711849, 
18.0735410858552, 13.716638264497, 11.7305054708659, 13.5086426634215, 
20.5376984658287, 11.2758059635615, 11.6094081138223, 17.7373263364586, 
11.7070877243082, 12.5682588714438, 12.6370141013909, 18.0592055650051, 
15.1016828619823, 19.563152104705, 18.5257873682148, 14.6183607337507, 
10.7955271803308, 18.7385218733497, 16.1994123360544, 19.7954958403746, 
19.1934249143828, 14.0093251091981, 17.6329190495656, 14.3181958020509, 
18.0899866179396, 18.3008561097491, 17.9809271027857, 10.3820456862442, 
20.1268991306965, 20.0931080158292, 12.6929120353963, 16.8615874627976, 
11.0879778441542, 14.2273631265797, 18.2919146462256, 15.3429725512203, 
16.8976736219496, 16.5797812302743, 18.1697738299964, 15.9264295178118, 
19.4739142262139, 14.9750195916391, 14.5555659126804, 15.9922694788725, 
17.257725799329, 12.5645771184661, 12.8015680785995, 19.8941588068228, 
17.1518277356951, 13.0904222213487, 13.3940646390782, 18.7813385826335, 
21.4331322457863, 18.0520705874582, 15.2971925070479, 15.0803609068609, 
14.7051975408448, 17.5883898150634, 14.9579277913085, 21.6561385605711, 
16.6706492764768, 18.6337479436873, 13.0191565858794, 15.5214323615161, 
17.6949232173851, 13.2885724966964, 22.1228826396715, 14.7809830820762, 
19.1542292677246, 23.1026203828893, 21.4606930299847, 17.9061752284655, 
16.9312534851806, 21.6855593751329, 16.7999039689589, 15.3540234428618, 
14.9566377714642, 18.7607241589337, 16.3020314012433, 17.4239374084636, 
19.1056103324642, 20.6657576794611, 20.3339420903314, 18.0148738356161, 
17.4742527242841, 16.094489737488, 13.6660209818669, 15.0418485433832, 
14.3737541148185, 14.2138652731085, 18.4765962201542, 15.3800929813203, 
18.833068055441, 21.3015345050956, 16.0749668045167, 15.1391727131122, 
14.3966354083285, 15.7866609032734, 16.7066368652994, 12.9021248096683, 
19.1342882151404, 14.7218451902892, 13.6012389614382, 14.9462207028703, 
21.8714632828582, 12.9329121680392, 13.1430824606216, 19.2638312530839, 
13.8637415771244, 13.2613575668727, 15.9041507729212, 19.6750905275005, 
16.2424253936184, 20.6822947601403, 20.1013678221707, 15.3064636504048, 
12.6160383623903, 19.8579343501619, 17.2100708801943, 21.4836446033834, 
20.1763634778848, 15.7802819451595, 19.2196062277352, 16.6123664150599, 
19.6864741829508, 20.423785845022, 18.2025908506194, 12.8174307280396, 
20.7948981664617, 20.8711649699147, 14.4972998212952, 18.0908676979997, 
13.5938544631301, 15.736236956787, 19.1953616007453, 16.4998579676716, 
18.9590812103466, 18.1876951054202, 19.4127416854342, 16.49123851681, 
20.9337165797424, 16.9939108151245, 15.2795060735892, 16.6097220613684, 
18.4883314042813, 14.548997691546, 14.1404468303794, 21.3720654111115, 
18.7018825951622, 14.91974266049, 15.4562045237445, 21.3670556748445, 
22.2962226055454, 19.4671947296624), dim = c(100L, 3L)),