list(MSE_matrix = structure(c(12.9249651343826, 15.8773001634176, 
18.716954573005, 21.6964566104718, 22.8855175360267, 13.4588174872098, 
13.9739209328997, 14.4539680506452, 15.5965808374355, 17.8117195405077, 
10.6082436727812, 18.9566823116176, 16.7869525457805, 19.2293324201357, 
14.899362347527, 10.4218263725027, 25.2321395130513, 15.3407251405541, 
16.0227122452705, 20.8717589515195, 18.9061224411181, 14.8307875582587, 
19.1083514108346, 16.7894264251179, 19.4583777923024, 15.4774674905497, 
18.8906753360481, 17.3495423630214, 17.5347382441934, 13.0599013740758, 
18.4273746014625, 13.6590652807692, 15.3867106883163, 20.1985257503758, 
18.8405496953571, 15.958326588131, 11.1116812141933, 11.8495583537569, 
18.2557866546999, 16.9627932184263, 18.4050693904738, 19.7679731435596, 
23.5901511449832, 15.0328351356404, 31.0568699086421, 19.6062811175676, 
20.3209217297642, 13.1621623319352, 26.4424290681317, 14.0470649644117, 
10.1611004016547, 23.1638284326081, 19.7929885997581, 18.6345389238415, 
11.7540817640033, 13.7669342296323, 12.1159539146065, 16.0875256776206, 
14.369995717938, 13.4296595711512, 14.9539774814392, 15.3557480635107, 
19.0303002079613, 20.2212023545392, 15.9317071112506, 24.2553605050854, 
19.6945763771875, 18.2445917008858, 23.9109659976654, 18.1260694868143, 
18.0607145194431, 15.6291248148854, 17.527277486389, 25.0429334023679, 
20.0540875092999, 20.341851372885, 14.8045515714636, 27.0259324558753, 
23.161886051019, 15.5832034892173, 25.5878926853512, 10.3777186364525, 
22.5395862199309, 20.6821354305625, 17.7137887775468, 13.2481805711604, 
19.8033811415653, 15.5485708897094, 23.4662402468931, 17.9285803256601, 
16.6757173905705, 22.5948651633537, 20.9368009176423, 19.2280292567438, 
10.6747354955103, 22.1815485263617, 22.4025916538882, 22.9086955093077, 
14.2253236927503, 20.9874210116223, 12.940862528664, 15.3100791237341, 
18.5903241076583, 21.0146059100673, 22.269332572566, 13.7237252160921, 
14.0941119844895, 14.4568793197874, 16.2458675272926, 17.6902507153611, 
11.3143450436322, 18.8474316959669, 16.4693802052717, 19.064599469852, 
15.0204085400517, 10.874515274026, 24.8232440842803, 15.6955343751954, 
16.7595591823527, 21.1581679453017, 18.7942300792929, 15.0445067339483, 
19.3220585017993, 16.558261996974, 19.3793966525519, 15.3327758438762, 
18.5642800739784, 17.0070175721309, 17.4011915914637, 13.3028243875023, 
18.0087546407057, 13.5877537392831, 15.5706088030309, 20.1660358962946, 
19.2256923498993, 16.2002187550003, 11.3546080249382, 11.8438920483883, 
18.4844636414854, 17.1730045631822, 18.876168736151, 19.1857341796937, 
22.7875882235417, 14.7760342148398, 30.1480351575324, 19.9124860588137, 
19.9609471132685, 12.8262291937335, 26.4099792875637, 14.3157829594384, 
10.3848267594135, 22.7768704055592, 19.0951505188156, 19.0976016078324, 
11.7468220549318, 14.0547671078799, 12.5106226921116, 15.811333403591, 
14.0645508412863, 13.9076160243221, 15.4930865954767, 15.6114705186003, 
18.6853741341051, 20.7643715445485, 15.4030590433512, 24.7723315872696, 
20.416822494413, 18.6118364952761, 23.40526888774, 18.4704994774119, 
18.1141682462148, 15.3438677825954, 17.6650608680785, 25.1362205215911, 
20.2466853647092, 20.0678724190557, 15.1997846115217, 26.318885010948, 
22.8844233396671, 15.7809042695138, 24.9942134440416, 10.3833342488961, 
22.6851346764909, 20.667988331423, 17.743491267326, 13.0403671372475, 
20.0219859250399, 15.2519287089144, 23.6702269000642, 18.9359481562726, 
16.5167311825267, 22.3276589423073, 20.7347045104482, 19.3802098523931, 
11.1974979324999, 22.281879728323, 22.6640686144533, 23.049065052143, 
14.0801205314045, 21.6661361761297, 14.1180174483536, 15.7746780154732, 
20.2659395240148, 20.6367741501389, 22.7090240407325, 16.7437299344505, 
15.9441871154334, 15.6624643464072, 19.2027629160989, 18.8006958986476, 
14.6417270239101, 21.005039037065, 17.1618062714484, 19.411314154572, 
17.0490351384999, 13.1867140511147, 25.0323432983596, 17.9375001479782, 
18.8906925389225, 23.0470846522584, 19.3270512798371, 16.6788722740633, 
21.0587868747936, 18.1020986110774, 19.9473093859156, 16.3404466730697, 
19.6046178823984, 18.5612509665681, 17.5464978167016, 15.1998823231582, 
18.3416446080387, 15.4138551453995, 17.5734458536661, 21.8145498721044, 
20.7536612499216, 18.0501758260021, 12.8592901152073, 13.2807477537374, 
20.60571696792, 18.9852765633472, 20.5441062668112, 17.7315219590274, 
21.9493064921925, 16.1234926451592, 28.831376228372, 21.800124290897, 
20.9938279979811, 14.5702060189673, 27.2528552724621, 17.1963775061156, 
12.687601456777, 23.4179174675238, 18.9478594841134, 21.5779660673456, 
14.0726308825759, 16.0385727025479, 15.2417633689782, 16.2860541185908, 
14.9885726418513, 17.1454461689357, 19.0312796966757, 18.0126109123046, 
19.1226729110136, 23.9767047712288, 15.9894674070826, 27.17673198721, 
23.5067755599197, 20.6470835109917, 23.508777022755, 22.1776150122207, 
19.0547308426897, 17.0539733557949, 19.1628702293819, 26.0208993092999, 
21.7090028435584, 20.7977868325969, 17.6259251183494, 25.6756643145403, 
23.3784273682804, 17.8026586809387, 25.8112907676502, 12.6668203911111, 
24.1507624464486, 22.6737726556432, 19.1349477101997, 14.1248453148404, 
22.5552594289461, 17.2204769737037, 25.8785767755267, 22.3706903378535, 
17.8446756855945, 23.1607714697953, 21.8318706062589, 21.8174730878386, 
14.7847274143652, 24.0948019964701, 24.3266092657896, 24.5784822207121, 
16.691130842059, 24.654598435698), dim = c(100L, 3L)),