list(MSE_matrix = structure(c(11.4616665879705, 16.6557528769618, 
15.0547021824646, 11.5642513115911, 12.8630336417598, 11.0346112893726, 
12.1079600567676, 16.5668022946961, 19.0404434947588, 12.5371133354726, 
15.7885007305623, 11.0539043409225, 16.6008830171741, 8.50182553675861, 
19.8333821003259, 15.4120348736792, 9.4344021525178, 13.9052029795467, 
10.734659442931, 11.5463017513734, 11.5963171424963, 12.5315576112825, 
12.2920285266139, 15.1867811298357, 14.9495672963597, 15.6278443904737, 
10.1277176362722, 17.6585392132007, 16.4665931181289, 16.4047888106623, 
9.61833612509819, 19.6955948452521, 15.8467272985827, 21.4502483860538, 
15.1266088621388, 11.7968593270505, 16.2343081584392, 8.61207796601275, 
15.4469748842873, 13.1075188033141, 15.6109036670046, 12.6272013548592, 
11.7118318366101, 16.3163624077186, 15.119370225747, 16.2700326295606, 
12.586295004398, 21.49888092757, 11.3379056090412, 13.1994984847266, 
8.30852011173628, 11.3332030443347, 11.433259714378, 16.4071826776894, 
13.0649468922908, 15.5256137539634, 14.8077633385043, 17.8388130223186, 
15.0235529376674, 14.7340160065475, 11.2144465360493, 18.3035335755649, 
10.8330118408988, 15.1940421403783, 10.5644299825923, 13.5873683114413, 
13.0631384233916, 8.43956794112986, 17.5924539189156, 9.53537782726587, 
10.9153329325401, 19.4025390793173, 15.9751106161302, 12.9221325728339, 
14.3832346289922, 12.0634836154802, 16.4280941036424, 14.4232087793328, 
10.7387080537321, 19.0817075020518, 10.3236393496958, 15.9592812926726, 
17.2359673123799, 10.3955906740097, 17.8121433064018, 16.9328292922268, 
8.20112281910771, 15.2804661766973, 16.464395163362, 13.0517168738281, 
11.2316550044369, 12.5466370581032, 12.2281791789841, 16.17638995786, 
8.04785308941536, 13.8697901847167, 10.8087158007695, 8.22880781609102, 
15.0695401180397, 12.1108102387561, 11.6672153932741, 16.6102216791304, 
14.6139146181636, 11.7929206612863, 12.659195433503, 10.8359801610284, 
12.1218292581408, 16.3180699990675, 18.6863394543182, 12.6561172648492, 
16.0765036524062, 11.2973173020937, 16.8335069900961, 8.97945533276865, 
19.127343681973, 15.5136616704844, 9.4040816220979, 13.711454110769, 
10.7313149654526, 11.6048353390707, 11.8909024574806, 12.3470729985137, 
11.8556653869422, 15.5206743904591, 14.6439311117935, 15.563053977268, 
10.2095022642782, 17.5412831783682, 16.7376524333654, 16.244244296064, 
10.0629369448948, 19.2680063582758, 16.0745592787254, 20.3895737898931, 
14.5914515072532, 12.1019450930179, 16.1785241280989, 8.90632841224969, 
15.1058935486312, 13.3012398044314, 15.0525225480603, 13.4575815538838, 
11.9075267343082, 16.6636499319834, 15.4552206719073, 16.3956056772258, 
12.4655144537709, 21.5056144419906, 11.500129783844, 13.2718219108762, 
8.74804908433943, 11.524546010031, 11.1697581347342, 16.1041764640939, 
13.5067254686651, 16.2146630796869, 14.532005683008, 17.1784425531914, 
15.1327432792351, 15.0358685962049, 11.5683433982539, 18.2934840821805, 
10.5396808848358, 15.1833817098393, 10.733567976494, 13.4006203673761, 
13.2905242376648, 8.40809538159216, 17.65071001068, 9.36370274083621, 
11.167885317048, 19.672716147437, 16.0227913088029, 12.7557464860456, 
14.5124211841464, 11.9224548871432, 16.274545441081, 14.6204022119477, 
11.0047385019271, 19.2287773491739, 10.5859324979976, 15.8144556861632, 
16.7963413994786, 10.4358608535807, 17.6537030170633, 16.6465166640096, 
8.51972570627366, 15.3856565160689, 16.5372454676462, 13.2009314349973, 
11.479883630009, 12.4710360350268, 12.2986082999649, 15.1163579367933, 
8.45158854905371, 13.2758590667249, 11.3981620628917, 8.75527954477218, 
15.2514760935327, 12.0730218952552, 13.0602623242038, 17.6191950069011, 
14.5420948282562, 13.5941430318617, 13.8047432175843, 10.8750886841559, 
13.8345554039396, 16.3347888201376, 18.8248728490391, 13.9814725321378, 
17.8305094838588, 13.4494392258566, 17.8753110297427, 10.9615611131965, 
18.2045554652456, 16.7679818402195, 11.4199549680533, 14.3094246277165, 
12.1128090015353, 12.6301379292369, 13.6413758107351, 12.230523242176, 
12.8358328048487, 17.9435628351634, 15.6311029700808, 16.6255169503678, 
12.6542018143045, 18.1597694380718, 17.9987908444775, 17.4064664951704, 
12.2050626721156, 19.0665295758782, 17.6114614236652, 19.0161325774871, 
15.5784633943772, 13.7821308009582, 17.0007792022028, 10.8721749143843, 
16.2323740993025, 14.3678798579235, 15.2593272321753, 16.8024275259972, 
13.490927792552, 18.6819277049085, 17.4691998424133, 17.8216048298177, 
12.7017146888894, 23.0876118599272, 12.4107876455936, 14.5445905512735, 
11.629208848031, 12.9278440382742, 12.1512077042326, 15.4931624159844, 
15.3482560394432, 19.1702495415906, 15.2069227614917, 17.5057625031298, 
15.9747862629451, 16.7027822828971, 13.8747574050921, 18.7840119844743, 
11.3347167269696, 16.7456992786902, 12.3130076482618, 13.6491699357487, 
14.9840772691838, 9.85063263638888, 18.5955426216018, 11.2497493472496, 
12.7950627066499, 20.6759375427692, 16.7628565351152, 13.7071798549813, 
16.6231932081081, 12.3468483338638, 17.124365060323, 15.6860361966393, 
13.0760503457065, 20.3508560978957, 12.3913136526803, 17.3681405344632, 
17.5909369374797, 11.7261396574899, 18.0574956473314, 17.5447380626366, 
10.2587389935388, 16.9263119788303, 17.1930898307496, 14.8947728715028, 
13.3120301689357, 14.15189688516, 13.9801615085831, 15.0369122323548, 
11.4803568999532, 13.2305080290866, 13.983814344357, 11.3958214585441, 
16.8871098015428, 13.5307248499548), dim = c(100L, 3L)),