list(MSE_matrix = structure(c(25.0130578523915, 28.812873314361, 
23.0319405409529, 28.1344924237254, 30.7640893110006, 24.153163471426, 
28.3826050205537, 19.9470155820844, 22.6177018820115, 24.8718179412971, 
27.614084029214, 23.7991759813784, 24.8558399854126, 35.9018652450484, 
23.8173869790874, 19.554154429073, 26.7268538271887, 21.7966152782833, 
28.9284010024282, 24.3196220150461, 18.4058616694235, 25.3440414808178, 
31.1036263018232, 24.9459929049823, 28.201240111501, 25.2069306051196, 
25.5848204340794, 29.040928720018, 22.0423543042985, 26.1960622521596, 
18.8107926954051, 26.978124435824, 31.3806598314759, 23.429278007028, 
27.2028584915734, 21.0366860100954, 27.234787229234, 19.0705438704672, 
28.1978968252225, 30.9309761672095, 30.5704825578147, 24.4779072378645, 
22.287106986035, 21.2673405194276, 27.9458436806392, 25.8497349007493, 
22.8759589121494, 26.1887781178316, 26.1620173644427, 27.3509608429129, 
36.6923419482565, 19.7376753487345, 28.4116699945537, 25.3186527984381, 
32.017494286835, 31.8448077508067, 25.9143844879455, 35.7221814037068, 
24.665169503104, 23.3520032839814, 20.6606878623512, 27.6374164647813, 
25.6480994003199, 26.7482662691981, 32.0224707391714, 24.6124474086389, 
30.3213714215377, 27.2725312686194, 29.9759193060368, 18.3874650721735, 
16.9868485385379, 25.1954598762036, 27.6311179685925, 35.6042077158838, 
23.3683583882889, 24.6126919049268, 27.6556342499836, 16.9674504794321, 
43.4420952865475, 19.454189640055, 20.3932754338807, 38.441905179042, 
27.6485339968979, 30.9427530714735, 32.5231007676559, 27.0623489612314, 
23.9383487841967, 24.3736081359801, 20.6053870094616, 24.6262403317275, 
28.0169313504876, 28.3520892735073, 25.7368831689915, 32.095845842012, 
26.408221975467, 25.4276634008733, 31.7339933408561, 30.2506951897214, 
21.9256568135899, 18.9734306206563, 29.3173379692246, 35.265322364916, 
28.0332484031654, 33.4516806543364, 32.4301551293463, 31.9726943001894, 
32.3154029681351, 27.8376430038814, 29.2149119645421, 27.2696031335106, 
33.8699548956727, 30.0857590158493, 30.704513981581, 38.0565330007142, 
30.6617223746026, 27.2117753534056, 33.3385524585535, 29.421185284866, 
34.7138172098717, 25.7292654309891, 25.5012328107638, 30.2643660374463, 
39.1749013878569, 25.2225980647588, 32.8038502021642, 28.628553158407, 
31.5532934268002, 36.5398904046086, 27.5418761874214, 30.2447961786033, 
21.8773187115579, 35.5197276709217, 37.3712537214354, 26.4865417591205, 
30.5693351562559, 26.8115409876112, 34.3608902167409, 22.3977244339923, 
31.0258885864806, 34.5003351229286, 31.5170412275681, 30.2938793788501, 
25.7521446824713, 25.1170714601155, 34.8495583859916, 34.9409659729208, 
30.5646908447816, 33.9212203809162, 28.3488904423962, 35.1039518066123, 
40.1890099283526, 20.5919264460397, 35.2552944802764, 31.3487897512669, 
33.4985027851495, 33.5104116555434, 30.1302938620571, 36.5542315837226, 
28.8507858985458, 26.897412000127, 24.1490985507563, 31.4006060609065, 
30.068127967767, 31.073847558869, 39.6751282111876, 30.8780765475969, 
37.5793515635128, 32.9532898065161, 31.0490171402219, 26.0855391897245, 
20.9538967921644, 31.3591023657281, 33.7456028426797, 38.0197144785625, 
31.7745351886965, 28.5014517117858, 30.0247558452516, 24.698861920236, 
46.9717689275783, 30.8789434059081, 26.9851080471213, 38.9325412742696, 
31.4447062968165, 36.1309576280974, 38.5495455631064, 30.9988146618156, 
25.232866267439, 28.6223384282468, 30.2134642021011, 30.4755808356481, 
31.7670625098944, 29.6894811359323, 29.7368917084603, 34.6840037963412, 
31.4347217831534, 31.5965103472848, 31.8519931272541, 34.519802224924, 
26.0268328167163, 23.2757829163186, 32.7428906669047, 39.3968367306874, 
31.6375183262584, 37.7485909757741, 35.8190389943474, 37.9051358406593, 
35.2726537502655, 31.9638010126334, 33.0389555270034, 32.2040250634751, 
38.2857968692, 33.3093186612764, 34.2177729729811, 41.5018240418814, 
32.4474611022507, 31.1919595552243, 36.546057443215, 32.466008093291, 
39.9211706542917, 30.3299320924836, 29.1547970963176, 33.0312111868609, 
41.644193419991, 27.6350803696769, 35.4614927421512, 31.2539402053844, 
34.9598478889638, 39.836640663516, 31.0824495155064, 32.3523939555507, 
24.1011465445437, 38.0130771296926, 40.0856431950637, 29.5879629855304, 
33.7981541742265, 30.4230838482242, 35.3848502841192, 26.354790125501, 
33.3341420481592, 36.8422291076195, 33.2178335366545, 32.0137274907588, 
28.6294146598929, 27.7044714189311, 38.67352891322, 40.2941331464397, 
33.5615261707049, 38.190658530509, 33.3408853751443, 39.6451754429938, 
42.6133885277706, 25.2803881840734, 38.5249333580597, 33.6806972831521, 
34.0090062868368, 33.7837320953988, 31.6939709616651, 39.720990233675, 
32.1836274840528, 29.6100171131023, 26.6794940656378, 32.4719189678776, 
34.0030469837567, 34.4403176061892, 43.4381975660799, 35.6155011565833, 
41.2741129567786, 35.7720459233331, 33.4875217003728, 28.6985811726176, 
23.4277103580185, 35.8813614250871, 36.5784747848179, 41.0202793869293, 
34.7616604977189, 31.7039369136704, 33.7091978925873, 27.8551673761909, 
47.7216788612707, 35.7008714359562, 31.0264129763524, 39.8883168539895, 
34.6009292144748, 37.4728360957698, 42.8648371294533, 34.643809678255, 
28.5565819508902, 31.139674306264, 35.7393875290037, 33.1478041169636, 
33.4329079245967, 31.3455197343049, 30.8839125263493, 37.6207835466622, 
34.509623905535, 35.3907345512103, 34.9615784001223, 36.8813565854851, 
28.3195415533214, 27.7618021580408), dim = c(100L, 3L)),