list(MSE_matrix = structure(c(11.4616665879705, 13.0473441088544, 
20.9917709148033, 9.96206557033062, 15.7112610607476, 16.2862770499689, 
8.14026723633412, 9.12418249259433, 17.9852981796052, 10.5814296665171, 
14.3885472964324, 11.0232079203086, 10.3669861175255, 12.5128497818317, 
11.2357991282095, 13.8283194229651, 11.9922080307129, 12.0903764926709, 
9.4304575671839, 14.7071212397186, 17.7736044412481, 15.0250441222409, 
12.5559976501523, 20.1099214693749, 18.6812837419907, 12.3513963288012, 
16.6382685991448, 13.3308275508375, 16.9774896240452, 8.71059046344205, 
17.181618521387, 17.9309859104722, 13.3346671344872, 16.7209943414785, 
18.6769248632386, 21.4261580801236, 15.0438037177531, 15.4907170720202, 
16.9615376442117, 21.9081816975107, 18.2416192773391, 11.0726139747547, 
10.4535587826213, 16.8839340861827, 10.0989711670833, 12.3876643986334, 
11.9300593195725, 12.9395134075112, 14.3098608239618, 12.1394083072917, 
8.84479066714882, 17.6652104131336, 12.4943035725477, 10.3990366711037, 
17.4917711706016, 10.4173163347932, 12.2589631918669, 8.03712174054113, 
18.7126379325061, 12.7109723787715, 10.0416412554961, 7.70816402376286, 
11.9781908019383, 12.2168058563245, 16.2065591682049, 16.1633108086867, 
17.6202442946416, 12.2000869976351, 15.1578623547696, 12.5318600636775, 
22.268574122884, 9.98145500924324, 17.8562249508571, 19.8464866965669, 
21.4056456074531, 12.9071753839735, 15.4169017959291, 15.7546540333738, 
15.8262624871128, 18.5960443762472, 12.8911567052472, 8.85301468232584, 
10.2687089494198, 18.0622059390122, 11.066269229858, 12.8985933692493, 
11.924307989854, 8.16140604247821, 13.6118294476658, 18.3044957427266, 
13.8104159579512, 18.2002948624332, 12.8930420421255, 15.5256070700698, 
10.0081904982442, 13.4344609284271, 15.990356372614, 24.0577287319683, 
13.9254038206175, 18.0101095306201, 12.4420908742777, 14.7024759201132, 
19.5758300159171, 11.1292263692291, 16.7621583318948, 16.2309667593664, 
9.97755782406372, 10.4365642586097, 18.7833427869413, 10.3498536465569, 
15.3228339921289, 12.5294944438767, 11.5640225423696, 13.5497401100401, 
12.2492167843308, 14.7129628199354, 13.1112610450584, 13.0545101801473, 
10.8716330324656, 16.0556162224473, 16.9940698501158, 14.8983692465944, 
13.2766101741386, 19.4136494021037, 19.2428387804598, 11.9887409785942, 
16.6239534525148, 15.0826587478872, 17.5773904355956, 10.0275569549741, 
17.7677742410547, 17.2439221867869, 13.3844334563874, 15.2147181539288, 
19.3736423132888, 21.6051704829205, 15.395833379039, 15.0067001409766, 
19.128341298909, 21.4989390593733, 19.5612513343308, 11.9598214008928, 
11.2675152458796, 17.7252421231471, 10.5739425545355, 12.7749218532352, 
13.4548367264176, 12.9762283273372, 15.3720112137718, 10.817485751623, 
9.89082835038223, 16.9510240695151, 13.0217503042326, 10.5539335043853, 
17.8333164398016, 11.1147187939654, 12.9356485444471, 9.45851794961773, 
18.2353498509384, 13.6365871934736, 11.7955291695592, 9.0311166132094, 
13.1167974344414, 13.9561163168867, 17.5653380024867, 16.8403407863131, 
17.7432062601915, 12.8337523826227, 15.5400515376123, 13.8201845802225, 
21.3205949666593, 11.2292655913533, 18.4727338600559, 20.8488587718045, 
22.3102018863397, 14.716410701015, 14.8701871182835, 15.324281436746, 
17.6556790981388, 20.3093855362115, 12.5981584778683, 10.1457584692708, 
11.4930357051692, 18.8310208907335, 12.296507177948, 13.4657941901083, 
12.4724327978496, 9.6500920626078, 14.663433131277, 18.8989351106871, 
14.0634263671948, 19.1184049562292, 13.9306996883935, 16.2996685772202, 
10.9032390345079, 14.4027015211217, 16.1862849838575, 20.2568487935796, 
14.5459703822731, 17.6351310423331, 14.1897213571921, 16.0470796199369, 
19.6810650307462, 13.054200295708, 19.2111271651967, 18.2974271623232, 
11.5991766870026, 13.0999559919029, 20.1103299927547, 11.7592992066645, 
17.1437742282682, 14.6261359796237, 14.0603148175587, 15.0079423794553, 
14.1545677479133, 16.0133947132541, 15.1167650499988, 14.7631542428122, 
13.4065000914394, 18.487232798641, 18.0712319522653, 16.1396367063374, 
14.8358304761112, 20.4780600979901, 20.3687286671834, 13.5783825249721, 
19.0576379809336, 17.5959380194048, 17.8286114263279, 12.6926789575797, 
19.1600832867473, 18.2590460538518, 14.7757120574502, 16.0174329794171, 
19.96557615902, 22.356018821797, 16.7640906569761, 15.4160925736421, 
20.532669469136, 22.3407828179409, 21.20718068035, 13.8402267872563, 
13.4091899971552, 19.3246141725344, 11.9002373938995, 14.4346687240605, 
15.0397139059842, 14.6400743100111, 16.9517387689025, 10.433058263819, 
12.2577168953186, 17.9086642850766, 14.3971052027631, 11.6346541025484, 
18.768916077259, 12.9325847009043, 15.5687793893452, 11.5620895623605, 
19.403601215711, 14.7817085905602, 13.84721662607, 11.6411529001059, 
14.6732562113888, 15.4522283804898, 20.0690461523677, 17.6894328160416, 
18.2767730786608, 14.722360401525, 16.8249459312354, 15.8895257838673, 
21.2089384502336, 14.5631535809425, 19.405743042859, 22.7579017893688, 
22.9146315156682, 16.0067552156991, 15.9535310522368, 15.754411190038, 
19.2208683576648, 20.9581969700651, 14.5020103364718, 12.2652264032318, 
13.8783597274879, 19.5069843115162, 14.4541019036489, 14.7127517832236, 
14.3274215990101, 11.4158133330184, 15.9038902996337, 19.562074167746, 
15.7444002339277, 20.0568051223678, 15.4258535603182, 17.0669967717181, 
12.6774451758492, 16.5536489804534, 17.9904279561924, 19.7970015538391, 
16.4850535772399, 18.8362921306856), dim = c(100L, 3L)),