list(MSE_matrix = structure(c(11.4616665879705, 17.4452175632237, 
9.61481742877077, 18.9990891549244, 14.9214367299568, 15.8655375269733, 
14.8327636004897, 11.9997573987002, 16.9333777357903, 17.5948281211642, 
9.82705626129103, 7.75979786780473, 10.8506578392484, 9.66300003662361, 
14.1774318083973, 15.0935335107095, 11.5430155263286, 16.7538947256159, 
15.2954172457504, 15.5776946881368, 14.601148038078, 16.9109930172118, 
18.0814192380996, 15.60706204506, 18.8552198415311, 16.9207301247208, 
13.8160924764564, 10.0794780863932, 9.74728551811579, 17.5931014389926, 
18.8205076315144, 8.37094434040821, 17.8477218086671, 11.9047019399637, 
15.5971480472636, 20.0143325548757, 15.2158937875978, 9.72135537421251, 
15.6224154284602, 15.0737635211904, 21.2311494652273, 10.442074812988, 
11.8098133105458, 15.1560171659356, 13.2100219208081, 16.4067948776392, 
7.26879202395887, 20.5916543888947, 16.2929586863128, 11.7897532192172, 
10.9497848302834, 6.99117955755585, 14.9566332393327, 15.5302584610169, 
13.4242536665308, 16.7602784999159, 13.5672909531761, 14.6431080462067, 
15.8015519853561, 11.2449207534382, 10.595507749197, 13.1018647685922, 
11.2847382312688, 18.5646398333955, 6.95829684850211, 14.4281027706944, 
9.62623242579188, 16.8620304477579, 13.5934856431253, 16.2349470463884, 
10.7305116994656, 14.5141620734059, 10.8102738057992, 12.3842867665324, 
14.624339222139, 11.0007937581871, 12.3944220745589, 14.6452615719069, 
16.5916546171572, 16.5447741682303, 13.6411849545758, 11.6925330610495, 
13.5534125536611, 17.2133016943624, 14.5805634081471, 18.1914931785109, 
13.5996619708618, 14.0086843019908, 19.2244432727146, 20.5660565618843, 
16.995669060997, 20.5488087695536, 15.7515486407716, 18.2475657397494, 
15.7310794741055, 13.6123548359048, 17.9871477753577, 13.0937732180641, 
14.6948912959023, 16.0539973373935, 11.8689789019418, 17.5886840434893, 
9.95315610340197, 18.7584317479198, 14.6127864618436, 16.0767197702847, 
14.7160967213398, 11.9207631346348, 17.0832550467918, 17.4143167600623, 
10.3498039482444, 7.66643108043891, 10.9407695732877, 9.15973908282226, 
14.0283407393264, 15.102216571859, 11.5601459196645, 16.8993256409107, 
15.2826594964828, 15.923811417699, 14.6774410527346, 16.3007042793606, 
18.2828949256414, 16.1302371005507, 19.0333971911005, 17.3680298634947, 
14.3311394918157, 10.1575045611705, 10.3837942828537, 17.5175613708989, 
19.0244120910535, 8.18076114076792, 18.2873744659334, 11.6292391050374, 
15.4372275881059, 19.8026725178823, 15.0091246460305, 9.17128810398546, 
15.5816393757854, 14.9528011246952, 20.8584249151297, 10.5025968914041, 
11.9202101747623, 15.2576689581852, 13.2642839446955, 15.4460309129246, 
7.56771959405326, 20.4044926395062, 16.5471487311736, 11.6344991373505, 
10.8635963368886, 7.31583545451699, 14.8925829007596, 15.3449901183421, 
13.6472532934129, 16.7875680627316, 13.8504416603471, 14.8400579316434, 
15.8428427391346, 11.0387916383622, 10.6704714673041, 12.9126841163398, 
11.3669054204707, 18.8664766475199, 7.16516238821004, 15.1604348016547, 
9.51718554467734, 16.696104167721, 13.4769797456025, 15.9281535140347, 
10.9918960808328, 14.6210536850026, 11.1437908447961, 13.1536277521442, 
14.0689283880655, 11.3853576395393, 11.9169022721804, 13.8929575722003, 
16.3561568741411, 16.7654844252815, 13.510640115922, 11.9485380463656, 
14.0214141602103, 17.0994641911264, 14.8743547282986, 18.4056698441705, 
13.5282425361215, 14.3803487102474, 19.1659787862299, 20.4266284761161, 
15.5114874469005, 20.6223288958575, 15.7274593638329, 18.2250907080877, 
16.0111859167805, 13.5761769610058, 17.9363379564258, 13.1866354444886, 
14.5888550439168, 16.0392623324124, 13.72018927007, 18.5547947661321, 
11.5584218324638, 17.9986203214133, 14.9473288892155, 17.7897267879056, 
14.3819013466066, 12.7178682733247, 16.4674834434165, 18.6335202437576, 
12.7269586717771, 9.9268381426407, 12.321349651186, 10.6989199792635, 
14.8098007188771, 17.1398229988762, 13.2996809866236, 18.4207589024764, 
16.3647871564726, 16.6490479157845, 15.9777052760094, 15.7264884704284, 
20.8123369542923, 18.1062757721752, 20.1988471417773, 18.3340780072534, 
16.5051632808001, 13.0862593956869, 12.7002493503219, 18.2124799198854, 
21.0531914439326, 9.93088516090564, 20.2331293989045, 12.3743881374564, 
16.1890287986435, 19.5523725090842, 15.1168923500133, 11.8969764047415, 
16.3727199696172, 15.7277353179023, 21.2464282358867, 13.1942304300084, 
13.6152440436994, 16.7929268084106, 15.2106837173992, 14.8177952194502, 
10.6324401000871, 21.3032386793011, 18.7842277445214, 12.7455924349573, 
11.3909655081025, 9.80774676325738, 16.8628681083024, 15.4446309059401, 
15.0653152530189, 17.623005799674, 15.2566858422424, 16.1721254092963, 
15.9193257577572, 12.0134306900149, 13.2039096754952, 13.7076070218443, 
11.7540039809028, 19.8967339948738, 8.75808412815414, 18.113634745986, 
11.5115337661822, 16.979560052373, 14.7358640611688, 15.8163727471748, 
13.3381423071129, 14.2289947699797, 14.0594966491032, 15.8574649709753, 
15.1640247972223, 13.0337282974805, 12.4459463320247, 13.9625401283878, 
16.5007158997686, 18.0168947820862, 14.3811918015801, 12.6537443360205, 
15.9861418219979, 17.8599126566264, 16.3679797144809, 19.1737063082477, 
14.6228885793546, 15.9164522110259, 19.1341978429259, 21.0117543955049, 
14.8258902024791, 21.5468612707732, 16.2456547410728, 19.3559558924508, 
17.5595423012809, 15.1343665509771, 18.2614151196333, 14.2944827709026, 
15.6535472306471, 16.5153401948905), dim = c(100L, 3L)),