list(MSE_matrix = structure(c(11.4616665879705, 12.6369540188412, 
13.0689769235235, 12.7233272011281, 15.904561290142, 20.6281557852639, 
15.9683998319838, 15.4484519403276, 12.2334585231153, 15.1388775326158, 
14.1085227903322, 12.8668373846012, 10.3588242197204, 12.4297748495519, 
13.72120866552, 16.8565291038455, 7.99009695185953, 22.1969607782458, 
11.171205014271, 7.82216278548366, 15.2075077979164, 16.1413303934182, 
18.8478392652488, 13.7625771648259, 9.9942583144424, 19.7363003689014, 
10.0547974247136, 9.17203392431138, 13.2202613326519, 15.6637913246054, 
9.12397675166746, 26.6369348902269, 12.5250365770035, 12.1593073767114, 
8.52583061874997, 14.6199683432398, 9.99285604499216, 6.58765830715221, 
12.6989915159083, 10.5545105536337, 11.5204053685005, 20.0317557455178, 
12.6827916327337, 12.6712182622534, 11.5619852392389, 8.85298485764789, 
18.0487176426591, 17.5445441734527, 11.7247495622972, 14.5811820628532, 
15.0467098473762, 19.1412885455405, 9.29896342844164, 15.2730323416127, 
13.8399173929399, 15.0330306914013, 15.6696980488342, 14.4499523451817, 
14.0808089366928, 16.2506786229616, 12.5470931338444, 18.6323161379702, 
8.78589366389785, 12.0406238001631, 9.45818406891946, 15.7465280569053, 
14.3730201586581, 10.1878071326783, 18.8549558256169, 11.9124816654739, 
13.8538432292008, 16.2372375888805, 18.2904433433159, 16.9555047286628, 
10.017869147028, 21.4721084082485, 19.0801648957094, 14.5645532044611, 
15.0859997215263, 17.7787128673284, 10.4661796728846, 15.0897409203746, 
13.4377212311464, 19.304708156113, 15.4383107776245, 11.0383786836804, 
9.57041009717817, 21.0292919914645, 12.9510793258326, 13.1222607063501, 
18.084144510939, 9.36750526438204, 14.5162292299943, 22.1510304665365, 
15.6523338035975, 12.8594013562999, 17.4265073759023, 17.5677719264121, 
12.1165640017484, 15.0185436846397, 11.7248941983347, 12.5865769853141, 
13.3562791709136, 12.8435776382161, 16.0680946619274, 20.7194540332809, 
16.3126263829411, 15.418793193106, 12.3616471634247, 15.6061236267864, 
14.0937376231445, 12.9518802503546, 10.7364384490507, 12.4354516035633, 
13.753834550625, 16.0461870039623, 8.1956163083688, 21.334947600708, 
11.358197035963, 7.77336854419462, 15.0671058313048, 15.9122246508641, 
18.8990974545025, 13.8101118884659, 10.3658387670174, 19.7546235949888, 
10.259742197246, 9.37531824522926, 12.90002052343, 15.5253429890225, 
9.19190942526501, 25.9929824237293, 12.7297758090182, 12.311423854151, 
8.99535413847699, 13.6188541720302, 10.4308111244133, 6.79038906973025, 
12.6003038854933, 10.4186714425296, 11.1269667351138, 20.1129166622417, 
13.0954880217359, 12.6192251578444, 11.5584306928062, 8.69088640803652, 
18.167869693241, 17.5810122420386, 12.131128946042, 13.9588855555795, 
14.7464306543609, 19.1180606178777, 9.57866084546745, 15.1713623530401, 
13.3952844649471, 14.7103315627441, 15.327786453195, 14.4733285152373, 
14.2112411117399, 16.4598737146862, 12.6232603723273, 18.3390420081966, 
8.72609644478887, 11.5475743459443, 9.49754046938855, 15.1980189326744, 
13.9562050901675, 9.98173257967301, 18.5160072474769, 12.3323029021563, 
13.7431868688806, 16.0757445946162, 17.3337307469978, 17.0377155571343, 
10.2006255434652, 20.8482349767679, 19.2321807866585, 14.3731131246111, 
15.348321609639, 17.6456174775617, 10.6201716908096, 14.7623154263829, 
13.5770913019204, 18.693093153857, 15.3581006714349, 11.1482445469363, 
9.84999727336665, 21.194636059217, 12.7133836869341, 12.8577296159774, 
18.0804636607052, 9.81854325034791, 14.5430331131414, 21.2824933099498, 
15.7586618214119, 13.1798379787232, 17.1565829854509, 17.0096005989224, 
12.1713771282287, 14.8407359724532, 13.1564670451322, 13.880651519721, 
14.7982346431309, 14.2752294146978, 17.4738366995231, 21.445035877875, 
18.1184095996685, 16.58586749719, 14.3281997122575, 17.9308173371522, 
14.3717583665164, 14.3168436766968, 13.105051999673, 14.7248000493966, 
16.002550941627, 15.742159806837, 10.1899320040273, 20.722674531958, 
12.4350144412247, 9.2011338508288, 16.4667913479908, 16.3547799208993, 
19.3927737657901, 14.7293075277143, 12.3581715997172, 20.2143791241027, 
12.291897213647, 10.9978980856834, 13.8617737404018, 16.0243108234038, 
11.4557422701284, 25.7600543782558, 14.4312265224625, 13.9993638301932, 
11.5948262963739, 13.0270754222065, 12.995859990075, 8.98581804020173, 
14.2808311380061, 10.8510352042633, 11.8495145467211, 20.5698532774847, 
15.5815429706874, 13.5368468760531, 12.8358551852994, 10.1956050795172, 
19.1371134883649, 19.2812975894027, 14.3575588907814, 14.4606893869953, 
14.9118535279283, 19.769640751526, 11.5883252113097, 15.795393554151, 
13.134366022452, 15.1657064515627, 16.0924213758455, 15.7737471028421, 
15.8100810558801, 17.9661173251414, 14.0796357862175, 18.4395123239538, 
10.8393041405297, 12.2025286737843, 10.8086535276401, 16.3782575565909, 
14.442873827903, 11.0871942226122, 18.8893774300973, 14.0576194160244, 
14.8922418199652, 16.5088669831199, 16.2509295608616, 18.2279412543207, 
12.0424829561334, 19.8384500768619, 20.62960762998, 15.0553530095057, 
17.0097338235565, 17.9498287233247, 12.1630204347853, 15.2685474670904, 
15.1743984245621, 18.7951053557745, 16.0378323560466, 12.9827468165273, 
12.6900846122933, 22.4307543469877, 13.051167940423, 13.9623650490016, 
18.2135634189766, 12.5342470645568, 16.1275838506391, 19.6887300912712, 
16.5749856108112, 15.7849314384426, 17.1553903215376, 17.131625179227, 
13.1068350601473, 15.5893118393779), .Dim = c(100L, 3L)),