list(MSE_matrix = structure(c(25.0130578523917, 22.4864018148558, 
19.8802232089688, 24.8831946745634, 29.41706546568, 24.8114388242302, 
27.4367728513052, 23.6611806294895, 27.4087146030715, 22.1267408609359, 
19.3421679222144, 32.2983876843346, 21.5132619091243, 24.101471958531, 
20.7489895351569, 19.2823474644377, 29.4108166720412, 16.8824836331762, 
29.5305374964993, 33.4349709747275, 36.4339812194381, 23.5571984526865, 
31.924877633022, 24.9325780243427, 32.8819233704942, 27.935313940326, 
18.9143702492982, 33.1313630056498, 25.8460379710758, 27.2216692492153, 
26.211370748708, 23.8412692342907, 26.856696692342, 22.1895232199772, 
28.2458012949219, 21.8366449192971, 17.0346460791623, 19.8476912505134, 
23.9979009348173, 27.8058382231121, 24.4250940865084, 29.9734922976415, 
23.3397893565911, 28.1278773572266, 28.3432021338717, 28.3005198834947, 
32.0038315873965, 26.0665367090026, 24.9162274696619, 33.5433021180458, 
19.9534640808383, 31.0905818769893, 11.7635944407197, 25.965951290785, 
21.5920505479618, 15.7431335001339, 26.6265387324628, 26.7938208283152, 
24.8098029636927, 26.2048500659281, 28.4015351652476, 23.635833124915, 
20.2650039514486, 23.6347567761787, 19.8185625181504, 29.1578083976433, 
21.2543493040632, 28.2778033138856, 22.8633462353279, 16.4290570938581, 
26.2828057940935, 17.100449937421, 28.1139765513294, 23.7942235538658, 
37.1874539122305, 30.827004740248, 17.0735926196283, 34.0652430690805, 
26.7350509544951, 22.9614240937703, 22.9304856598744, 27.5525326960923, 
30.8396719501, 17.3779592748786, 19.9680637813783, 21.2552591611193, 
27.5219523533872, 23.5603804595744, 21.6992795061077, 28.2592126510755, 
37.3802104165334, 22.7303691335751, 19.661385576207, 29.3062479760167, 
23.2097598051858, 34.0757342420583, 24.930126217177, 26.1902699774702, 
32.1564573763378, 27.5909072318305, 29.6059700904911, 28.5128960273031, 
22.8567521835157, 27.473277911812, 39.6751197796616, 29.7923529220954, 
30.349150995646, 29.721487214584, 35.1492758102319, 28.2958348983937, 
24.2186765682351, 36.840186543091, 27.6100479290113, 28.6052684778316, 
25.7327362788095, 25.8558658007726, 35.4189842663398, 19.9742880443155, 
33.6035768179518, 38.5851681285613, 42.0519889857875, 29.1597594626406, 
36.8932138655157, 28.4240811484247, 37.5618475293489, 32.2603739588937, 
25.2115233683137, 37.1312591070631, 31.223099853597, 31.7452449537384, 
30.0314675568792, 29.8016050609624, 31.8481268882664, 27.2251634036706, 
32.8406821658698, 26.5163722896947, 25.9311820294553, 24.3157440031117, 
28.1115744775273, 33.7948177998926, 29.3101280035539, 31.5174893341825, 
28.3075368146885, 30.2986440057601, 31.8278376615955, 29.0817297271556, 
33.1751139508701, 28.9462519537161, 33.0925790665177, 35.6523651946879, 
23.0219627472538, 36.1393932134468, 20.9188055337444, 29.2143330429201, 
24.6286948514795, 21.2243748801135, 31.4356120523161, 33.4221146565499, 
31.648097022241, 32.0375148303322, 33.5731088873094, 29.954535810068, 
21.7829818499445, 27.8630391480503, 22.8785310624381, 36.5202110296106, 
26.43653889892, 37.9936150934709, 29.182185159331, 21.7462360266505, 
29.2428185019038, 20.8146500182721, 34.1302902596504, 29.1281957781725, 
43.2637923282701, 35.1488594198017, 23.4806171552612, 37.7557046233721, 
29.4247318249825, 28.4919727232509, 30.7613747608987, 30.6280608671451, 
34.2958230412381, 22.2438154537419, 24.1015284710819, 25.1634556492509, 
30.2986473620988, 28.2031452003275, 26.6632022392543, 34.195974357167, 
41.3461970133352, 25.889099801018, 24.9228640890961, 34.9538489665863, 
27.9855154471103, 38.3503098234823, 29.8977951448687, 29.481174196772, 
36.1190501867348, 32.9890376033021, 32.5110453037678, 32.4103968550208, 
26.8914666923025, 29.5430155104138, 46.1999185539593, 32.8983220803691, 
33.3993577348426, 32.8014169862867, 38.5652470553337, 32.300285429455, 
28.0217191917802, 38.7518366223581, 30.9717243515278, 31.8166558394791, 
28.4631899976122, 29.2766267427636, 39.6212124894032, 22.4009515020889, 
35.414816369393, 41.1020588918581, 44.4643751699729, 32.3216672374215, 
40.1921013490032, 31.4243098342866, 39.391454149933, 35.366901944662, 
29.0619235337444, 40.7221706531448, 34.0903234112793, 33.5258351524268, 
33.3022457170232, 32.6713754099788, 34.6083966939878, 30.1531736236512, 
35.2429288126291, 29.2633186226017, 30.3985850187548, 26.7041965843519, 
32.0989569774048, 36.6621496469644, 32.7128283151664, 35.6284395949319, 
31.4879331070696, 32.5710688567998, 35.7185288293534, 31.3350148299861, 
35.654662456213, 32.3087309664229, 36.9527117185639, 37.2396223689331, 
26.5951202016214, 39.5449095814326, 24.4875541931767, 31.14744108761, 
27.0769057379517, 25.7976191786924, 33.5652522215338, 37.2752145473457, 
34.8135917137574, 35.5418171737865, 37.5924303434378, 32.6266454193898, 
24.8683578312435, 31.4725562028623, 25.3385108483398, 38.740132240843, 
29.1375967383359, 41.2499135772831, 32.5204197138078, 24.8676353511171, 
33.0127650155686, 23.4763105052144, 37.0162435248735, 32.6255563634002, 
43.8111807456191, 38.3843370340003, 26.5398116125111, 40.282441511308, 
31.3332381309959, 31.655669404453, 35.2139392449583, 33.4965295853616, 
36.944933101317, 26.1279858681781, 27.4719012163333, 28.2962049170106, 
32.5374583353815, 31.50822231421, 29.7654696571264, 38.0882068107743, 
44.1917103047879, 28.7480000023142, 28.3871146096429, 38.6300996367774, 
32.0348913298746, 41.8281249427998, 34.4869967110416, 31.5012962868707, 
39.1660558548218, 36.5307708451147), .Dim = c(100L, 3L)),