list(MSE_matrix = structure(c(9.33045031410698, 15.4216457132512, 
10.5435240933353, 15.6432171528275, 10.5697599541291, 15.3272835111534, 
10.3099634467813, 7.22417013596323, 17.6145046610031, 21.3992603522315, 
10.9378246202348, 13.4579317510722, 6.89601704486005, 11.4986286291978, 
14.0949241808748, 9.82885520068929, 13.1441205042596, 16.4077555651124, 
6.53117953644955, 10.0422504034314, 7.58433531699769, 10.1740895219267, 
16.4465958171758, 9.27218599938007, 16.6515735692275, 8.86160175948301, 
7.81076942745567, 14.1247104950944, 10.7043544559677, 11.2113267904179, 
9.99223121605788, 18.8953962225823, 6.73859961962107, 16.1066557541168, 
11.3036834174552, 8.4869006872828, 15.6280312088385, 16.4314135723297, 
6.17623564571394, 15.5661330277817, 12.8959586141467, 13.1708914762558, 
14.4682580039364, 10.3809110603742, 8.35136157986632, 9.48422733498272, 
8.70320332680767, 8.78942967442542, 6.77663188483606, 6.78969021341989, 
11.3856558574278, 10.2931112564877, 8.43145842411263, 7.97392988128215, 
9.55175395559394, 13.3507478481826, 10.1024976336676, 10.6072784542808, 
11.2109817365829, 14.9371168741875, 12.3974161073355, 8.74928951362392, 
13.395319903388, 13.6049926405614, 11.7415546552786, 12.3619005563453, 
16.1376241232427, 14.168383079644, 10.40647538549, 12.0945227255462, 
10.8260647533651, 14.3060445555926, 11.1983895301953, 6.49514079973513, 
8.11141969644381, 16.906519118016, 6.63603717852774, 6.99128893369878, 
15.0516260211956, 14.6753377639694, 11.5958224122078, 9.77725961311399, 
9.21825822516252, 11.778892472961, 10.680054990191, 11.8170345760111, 
6.85447785819563, 9.4588075019941, 11.5742309527051, 7.95368858550739, 
11.9877442018799, 7.55408951112097, 9.81376796316926, 13.1562410242477, 
14.0805697098762, 11.2600121685596, 12.5684298428048, 9.48072863439524, 
9.54498164400836, 7.29209640083397, 9.57599401282383, 15.287010310296, 
10.9669393623866, 15.2964164051726, 10.597260180919, 15.608359078001, 
10.9400905211201, 7.31175272842248, 17.3783734294091, 20.8001811152122, 
10.6356784896809, 13.4430764889835, 6.80957718137153, 11.229440291817, 
14.2225087325708, 9.80920962222753, 12.907063056329, 16.5371249156137, 
6.7296300074594, 10.0231033462007, 7.7625633107201, 10.2415680497317, 
15.8233190614413, 9.56631995565205, 16.611722334878, 8.6137352238723, 
8.15664421061093, 14.0098890645706, 11.0210881282694, 11.7336091257451, 
10.1236063477145, 18.0458348518835, 6.6990944742434, 15.8602988473725, 
11.0390154636178, 8.83072441656851, 15.5140003008493, 16.5060449128201, 
6.3366008754883, 15.5572314705478, 12.8793107224347, 13.0135431556709, 
14.6817335134698, 10.5196542271698, 8.33496816324762, 9.79985726949542, 
8.49393437707293, 9.29768881430481, 7.00770622270795, 6.8844479172887, 
11.2321757442444, 10.4197492916234, 8.76423241028015, 8.37231074926212, 
9.76856881363605, 13.3180438767446, 10.4885062454435, 10.5029817913503, 
11.0295829179386, 15.0149419197433, 11.9991105812717, 8.94654562075768, 
13.3594382811816, 13.7822826104462, 11.7311629840821, 12.4439057250801, 
15.8078954543996, 12.9480908654085, 10.567751281369, 12.4911647082849, 
11.0229281879497, 14.3286951511152, 10.9630031650563, 6.75783549911973, 
8.21545376888261, 16.6428837961792, 6.87451093132788, 6.83745796345767, 
14.9219339696538, 14.6674159488884, 11.4503835653151, 9.6788135278576, 
9.08509134461244, 11.8875469147509, 10.869075876712, 12.1426089437145, 
7.0340384544986, 9.41044773432775, 12.2344398530144, 8.22234335364374, 
11.5990867577631, 7.81921013063329, 10.3091309728542, 13.29059545284, 
14.5631548104987, 11.5421189042228, 12.6307732886813, 9.52506686234173, 
9.8856120585447, 7.56926168123311, 11.1705385544969, 15.560881970186, 
13.3813506765828, 16.2641993190889, 11.70217278669, 16.9164625019593, 
14.0380522038403, 8.99197145071338, 17.8499887617073, 19.6943546374017, 
11.1705205186265, 14.2990834324903, 7.92350859621053, 11.1470022292943, 
14.7303037260136, 10.6697121588079, 13.0980097505906, 17.6647155321218, 
8.52828664509841, 10.82089754354, 9.77437659201419, 12.2817455435771, 
15.5201686407157, 10.4727281679681, 17.1301510373589, 9.46305307733712, 
9.90831871133385, 15.0106320856654, 12.5313488923633, 13.1131012286773, 
11.0576335150431, 17.994137357227, 8.39020979308864, 16.3126653279708, 
11.613351250634, 10.8962375755851, 16.8315655071858, 16.6117013182306, 
8.52807997580164, 16.5330674332427, 13.7564490191822, 13.9985643791817, 
16.5525791602974, 11.6535550707687, 9.32125822709113, 11.3371439795905, 
9.23037652331761, 11.195995455388, 9.00821342434902, 9.29964247702705, 
11.9748800530686, 11.9134085964043, 11.1464683861112, 11.4119612148274, 
12.1880472716712, 14.4774215291905, 12.523290819622, 11.1117470191535, 
12.0010559110211, 16.1877885478077, 12.494302419351, 10.6851766089062, 
14.1017101362306, 14.5402592355424, 11.5661857055392, 14.2479420330656, 
15.1555553014442, 11.9411078493553, 12.4498831971759, 14.3796000904689, 
12.4290768542445, 14.8590663474202, 11.9935850487841, 9.41937446102748, 
9.03674464241939, 16.8555142370393, 9.07628249487303, 8.12408261686364, 
15.375355256604, 15.8094756159237, 11.9710573235459, 10.5001945282787, 
10.8961930313059, 13.0454169822359, 12.1512996891634, 13.9684570280674, 
8.8224051113365, 11.8952047558422, 14.2542668683066, 9.84040054825287, 
12.2330746857178, 9.29168653630707, 12.3078705027523, 13.9583463220942, 
16.380370922104, 11.6260611145995, 13.6518757586183, 11.1028691680221, 
11.4600446066696, 8.628705340462), dim = c(100L, 3L)),