list(MSE_matrix = structure(c(9.33045031410664, 11.8905751995554, 
13.0101957144232, 14.6262224608638, 7.17747298025333, 8.89988359187807, 
10.8371910154803, 9.85305827996101, 9.4474375260281, 13.6643820901822, 
9.88671346566109, 8.27002874233613, 7.19684153654181, 9.43016393207824, 
8.91188770868404, 6.78581711897761, 8.21947098007847, 10.3174686738722, 
10.5900519594899, 10.6409753087812, 14.7664095101536, 7.85791472970379, 
12.2713546265707, 14.6676807705411, 9.98172659239408, 7.06669521790173, 
9.83967248672811, 10.7728391117164, 12.5885958306609, 11.0919697354378, 
12.2702020659446, 7.29669974538044, 12.335427550826, 12.948198933361, 
11.1257476724186, 9.20433765058202, 17.3434531764086, 9.35284772728284, 
9.64545617199317, 10.0162293355031, 9.59858195160502, 8.6860102832371, 
6.78793023460825, 10.2372294690002, 8.28483268049294, 7.89774663155819, 
8.76549928791666, 13.3853140490238, 10.8427069248639, 12.3228122876977, 
12.6819559782598, 12.3833501384911, 8.96292802884698, 11.4136414573506, 
7.42398675975972, 14.0705689942977, 14.3472047976363, 12.6130349002592, 
9.79673956131624, 10.7319885031633, 9.16726094195894, 11.5764468990776, 
10.9914227920501, 12.2736315423558, 6.70488971317368, 14.9472468942094, 
17.2602593364232, 12.8454471559668, 7.63113939914483, 8.89059343708696, 
9.36614694762719, 6.65927115068353, 9.50587108977732, 8.8740601046524, 
12.2809924663596, 9.65438729713398, 16.8774873471351, 8.05171324917839, 
10.4613220489349, 10.7875769374004, 10.9281587976169, 15.891329526882, 
7.75202645282362, 9.20156142296313, 8.89271726380766, 18.6095321691016, 
9.87061153230236, 6.97452755943739, 12.0546935048213, 12.7299646252038, 
6.9207656760746, 16.3101272207265, 7.66364828890583, 14.0954352214488, 
7.77401252180665, 10.809967774908, 14.0322369001112, 9.77608327943268, 
11.5101191854064, 12.4606755253398, 10.3782115729065, 13.4686845279221, 
13.4183934563391, 14.8503855184188, 8.15855427806716, 9.18544504410256, 
11.5322199684769, 10.7553987725443, 10.3115518595907, 13.4800362050306, 
10.6167021268933, 9.44463896150083, 8.43396651442785, 10.6706025516996, 
10.2669497587925, 8.08261170952858, 9.01587996732178, 11.2226793294118, 
11.3321504596656, 11.1206492976303, 15.6759223989033, 8.08974813523586, 
12.6170577907877, 15.9338624437964, 11.7379969640948, 8.8309580777234, 
11.1711908107191, 12.2429495916037, 13.4337548849641, 12.7353193667262, 
13.6165311315451, 8.04077376533025, 13.2155961347481, 11.9717642664722, 
12.2464020305212, 9.5863279453339, 14.7627033368734, 10.8706195703441, 
10.7823780552628, 11.2151456131559, 9.96913400003237, 10.2878328171072, 
7.85527320317341, 10.9589106231686, 9.50103858293078, 8.54565153839873, 
9.49564501512603, 13.9016745467012, 11.7071467317406, 13.9553409284439, 
14.1601552873772, 12.3975793979118, 9.6337164908322, 11.3399213644338, 
8.16938132874202, 14.7261827681453, 12.680780509175, 13.7528639442629, 
11.1193424813702, 11.8678260914245, 10.1455470233229, 12.4545794319934, 
12.682557092117, 12.1534566431251, 7.3572259877594, 15.3848059346318, 
17.7097546685527, 13.9950151901026, 8.70580291932446, 9.08802547262846, 
10.300965248218, 8.16613010251804, 11.9508506459639, 9.67768526607339, 
12.9979298932069, 11.1196598000025, 16.2330054167557, 8.88427963484237, 
11.7048194139073, 11.8664592267294, 11.3607949505647, 16.2764371254735, 
8.33533898917171, 10.4280517213582, 9.65310850824205, 18.0784173320257, 
10.9994152729908, 8.79616796707434, 12.9916915755497, 14.0721441468408, 
8.24608924249605, 15.1814081092243, 8.43294606840438, 14.0624666401146, 
7.98543787637152, 11.3369503686198, 13.4458286775344, 10.3379081584645, 
12.9334803110282, 13.9367463782827, 11.554070671503, 16.2048322559485, 
14.993835187076, 15.5916422145285, 9.7330089445232, 10.3399700694941, 
13.1903210028532, 12.0467107498578, 11.9819834554655, 14.175651052133, 
12.1465222012824, 11.9526950872583, 10.3662931190128, 12.5743815106181, 
12.1010312416235, 10.0760799125745, 10.7352579114553, 12.7609766667355, 
12.9162096940051, 12.6257983681228, 16.6484221233451, 9.64889059565168, 
14.4432563190839, 17.0208170181602, 14.3731450904124, 10.8103110799302, 
12.7129106516656, 13.507655704614, 14.6868087501663, 14.1253046910846, 
14.9336073608163, 9.44681421242698, 14.7244443544767, 12.3133132225207, 
13.7536462451821, 11.1679844271553, 14.541985427286, 12.7404522520094, 
12.7553652381728, 12.7020786544587, 11.8980617255063, 12.5166899377182, 
9.5027598179751, 12.470779789127, 10.9389114913861, 10.0267082764677, 
10.9254695953662, 15.5884468666575, 13.1543510473818, 15.8461824579191, 
15.8926679290773, 13.8158873282196, 11.081340921759, 12.216757023612, 
9.63721848966139, 16.270185988093, 13.5497876920351, 15.1207026041126, 
12.8257077173374, 13.1750762969027, 12.013591899945, 13.9615568842383, 
14.4849929528487, 12.7581622741949, 9.19762184601406, 16.2719672255605, 
18.9490194482599, 15.4851863165743, 10.607444330131, 11.0444573546482, 
11.8914050465573, 10.1712883654093, 14.3989771604047, 11.0348550522269, 
14.6557676050262, 12.9745430934968, 16.6990126697654, 10.1971994756326, 
13.651040584151, 13.2905063078253, 12.6740163281612, 17.5326840520948, 
10.0192710493305, 12.0645569001211, 11.4415619397882, 18.4647224550695, 
12.8987382284876, 11.1265160244345, 14.1756641497661, 15.7947820188672, 
10.8771686008528, 15.4047107816572, 10.2516154475618, 14.3971320202667, 
10.0839646062257, 13.4294678793826, 14.2790803117551, 11.7229444006752, 
14.2681136730398, 15.4819802298752), .Dim = c(100L, 3L)),