list(MSE_matrix = structure(c(9.33045031410698, 13.2317155543257, 
11.9451231768297, 15.1639028424566, 12.110698562952, 9.63975909987841, 
10.7939858236468, 7.76097640741659, 9.78408816574358, 10.5048483513835, 
13.7392479732885, 11.8456135087365, 12.8677851192065, 9.52836829780153, 
9.61869282045153, 10.2663200338113, 7.97064371419183, 11.318951583823, 
13.4399043730476, 17.2485145140488, 10.4540356866631, 10.8107821269928, 
10.0083136356468, 10.2885612384262, 12.9567992582939, 12.0873566450433, 
11.3772228562616, 10.292561422233, 16.4053405838716, 9.79044310948467, 
11.7245058087457, 9.5992867300352, 9.97591289089382, 8.2642598602789, 
9.53615584001398, 8.66534155598649, 11.0775822705706, 13.7347508097146, 
19.184475675685, 12.0488584902071, 7.30802640563527, 13.8274269684104, 
6.78825903842912, 20.1055700327595, 15.2789057802718, 10.1534675924401, 
10.0944218175962, 9.23592723481726, 7.11862366079964, 10.2554292012888, 
17.0740903085486, 12.2978864496478, 11.4644420725223, 10.8863836877609, 
9.18749158396863, 18.2030187749309, 7.36277895049271, 14.198096511516, 
5.82401498557084, 12.6600129623472, 14.0119054537011, 8.25114531539515, 
12.560840408046, 19.1482466072217, 10.9570613956818, 9.16421821103094, 
13.1608610919818, 18.5262375859415, 13.0813409470974, 9.53598651818788, 
14.4792703662267, 9.60796282252448, 13.760195910823, 12.5342960596469, 
8.64946784900689, 18.3466578313368, 9.80061075085273, 14.3981266963511, 
6.16552603227754, 8.52718878711993, 9.23381663787112, 12.0311179118106, 
11.7920945126339, 10.2724476319125, 7.52190313116743, 19.3736161492527, 
8.64990794314495, 9.71156094778862, 9.37985954360164, 12.8675199869056, 
6.59663130738513, 15.1053311505089, 7.7350661617297, 17.2495869999106, 
10.5723962994334, 9.87015053264822, 10.9218994863121, 13.9732921925922, 
14.1255397729586, 8.49573904049917, 12.1395840249081, 14.8313912977991, 
12.3343286841977, 15.4551509001661, 14.148963902782, 11.977469247802, 
11.3165635605984, 10.4297509997381, 11.5491635070646, 11.5169925523019, 
14.9265526616738, 14.2888376523596, 13.0232687364583, 12.1574629046589, 
13.143402567759, 11.6932252714173, 8.48861176516148, 11.8739702930994, 
14.1528358013709, 17.982162561177, 13.9355812965378, 12.8730490216659, 
11.5219891731307, 13.2334388329405, 15.5070642305918, 13.4623040444013, 
11.0031131326598, 12.4274900378879, 17.5047894308032, 13.550525094571, 
14.921072740385, 11.9337131350248, 11.3650672909726, 10.7250478666684, 
12.9863793743227, 11.6901463634253, 13.70108560136, 13.9779746280316, 
17.7347703819241, 15.0728603562048, 11.8341015461372, 16.9750253550164, 
10.4244636079032, 20.6457083521703, 16.6203655341306, 13.5395403844622, 
10.419656052864, 10.4322699040733, 9.75718680576579, 12.900623634489, 
17.8654909058314, 15.1929370437598, 13.4044589629143, 13.5825500943113, 
12.1759933802774, 19.2578044732929, 11.4502432721924, 14.8224764355309, 
9.08480728467481, 13.3190891706681, 14.089682860766, 11.5258427750319, 
14.4016133649366, 18.9495828286267, 13.3081413087496, 12.3120455598548, 
13.8222826484699, 19.2403385963206, 15.3598189030753, 10.6181260201264, 
15.7692072692083, 12.4169744884323, 16.4583805761599, 14.3639131755149, 
11.8981643787943, 18.4429291398377, 11.4538062752964, 16.4490452243564, 
10.973075082357, 11.0363635425056, 12.6730185110593, 15.17024314114, 
13.543043742835, 11.4628852984537, 11.6778511298732, 20.4086238845425, 
11.3134913427237, 12.6538811939159, 12.6974729035185, 15.6167815130509, 
9.35632467738916, 15.8848139263642, 12.4143321247486, 21.7794715909174, 
10.8915961411777, 11.7541782727477, 13.1272595105003, 13.9248417003441, 
16.3716029115744, 11.8308483382119, 12.927659012461, 16.7525535312533, 
14.1232276549371, 16.8040083830532, 15.0255589073967, 13.506928210918, 
13.0195420863544, 12.5288613811303, 12.4760256565885, 14.4110110384531, 
16.2799725067465, 15.0436236443329, 14.3536533503271, 14.5977202805034, 
14.4891192676316, 13.05768762406, 9.47253535315966, 13.1132318400414, 
15.2415265532344, 19.0085260476354, 15.6655609938119, 13.972222198996, 
12.9053145469045, 14.6321378596558, 17.1392162400814, 14.9157272692493, 
11.9525058137971, 14.2833843934719, 19.5230062481202, 16.2483121690178, 
15.78798283048, 14.0540027694247, 12.7696756973204, 12.112214673489, 
14.1041862896551, 13.3578716873296, 15.0703113988215, 15.1309334767076, 
18.3158440022301, 16.6565159355515, 12.9771336834472, 18.5488023704704, 
12.3616702273275, 21.8337616936866, 17.5218443262736, 13.9304417566512, 
11.5335762133359, 11.8146131926429, 12.1953106289599, 14.7749310225998, 
19.4116858141918, 16.5644842922193, 14.950726091995, 15.5039169812514, 
13.898654615574, 21.0009361479817, 13.6761450044412, 15.2696425843079, 
11.5308449751413, 15.4524401613425, 15.9390076825452, 13.2852152173164, 
15.9867943857756, 19.0047017364304, 15.1338889171867, 13.8140043637195, 
14.1915853566961, 19.8496802843219, 17.3396160374735, 12.7764103124756, 
16.4744245852015, 13.7696324752229, 18.2222025354488, 15.1845628427663, 
14.2104896000994, 19.5855047152575, 13.0610926160194, 18.2517598456642, 
12.8511480959257, 12.2542667575207, 14.0744286883888, 16.7924027999411, 
15.2387398516782, 14.3545337218852, 13.5713079581878, 21.1502339291199, 
12.8519741243889, 15.546900768415, 14.4558726864473, 16.740058300468, 
11.7772322590193, 16.4719103025322, 13.2712006468787, 22.5361371496599, 
12.2644853347676, 13.6375195604484, 14.089190844767, 15.859130740148, 
16.9849278369074, 13.4293224043153), dim = c(100L, 3L)),