list(MSE_matrix = structure(c(25.0130578523917, 24.7419638283831, 
32.1623500767947, 19.9255066555764, 25.9422194383385, 26.6307630451204, 
30.1702883044717, 28.6613759168731, 23.9520022703984, 19.1871956527952, 
20.3528167860304, 19.2546139697939, 26.0254816064279, 67.5450133484025, 
20.851372493696, 25.5243197572115, 12.7223231148519, 25.6317330497018, 
26.1695308616839, 22.6741386354719, 23.7897975578353, 26.2440528468946, 
26.9999715147739, 26.5136944910948, 30.9993954985284, 21.0344741929331, 
26.6590793760648, 25.5508910550051, 26.4098034842617, 27.3647413087894, 
31.027250746807, 26.0344865358027, 32.5627664193982, 22.2950831822101, 
21.8080506770865, 25.2685480373537, 29.7477501611865, 28.5408239910581, 
26.4326468253269, 19.1306944058655, 31.2546243972931, 38.0093867550067, 
19.5179071787982, 23.4609155238847, 28.2431232432653, 27.8415638966366, 
22.1400268851915, 25.3644817292626, 26.5437557000268, 30.7726235912441, 
29.8591138676843, 24.3164361726431, 31.2940382149404, 25.1251560932269, 
20.1673890763513, 29.1174384344663, 21.8352105075956, 25.2675408068526, 
23.5834213689721, 39.2833071825468, 15.6545501337058, 27.0860098527302, 
29.0019675710778, 23.3088812539204, 27.4083197973541, 32.6384164985599, 
26.0157980862572, 22.4597712276434, 27.8117857194581, 20.0298941273012, 
23.9209109712092, 24.049146773567, 19.1342147168485, 25.4780808452995, 
19.8004748728749, 24.7745811227318, 23.5100829573334, 27.5541834777736, 
29.6757686761448, 28.2413032173374, 31.9506806989127, 36.2876840372973, 
19.80660545615, 26.787074177856, 23.3621011967826, 31.0316795829283, 
24.9723098344145, 28.98209520515, 37.3168753249139, 25.6156714275098, 
25.9604140216094, 22.3246005278006, 34.9133257635248, 19.3690862265854, 
23.8878163417753, 32.154844870316, 31.4819729180863, 27.7951846032367, 
23.4914450973275, 27.5696069383246, 25.3036533442212, 25.3498673176495, 
32.0857664985442, 19.9064677868661, 25.9727777490602, 26.9951915014882, 
30.5384270198012, 29.3267879010917, 24.1112475655892, 19.4481467096954, 
20.6901188037326, 20.1010169332089, 26.1918295151494, 63.7404883182904, 
20.8926341359508, 25.0298049158339, 13.3904164266084, 26.2687602017551, 
25.9649892398142, 22.7433384144256, 24.0899034134746, 26.5548069695366, 
27.3618873257018, 26.8588749452929, 31.4636121546834, 20.8374138201028, 
27.4027010970047, 25.5023569102144, 26.9805749893675, 27.7815056315979, 
31.3318378739808, 26.1752528588969, 32.1978812220314, 22.2405034320197, 
22.2614422637448, 25.8031365666664, 30.3389955503909, 28.975373614055, 
27.5792962196639, 19.1641936852662, 32.5935778611444, 37.4812299762916, 
19.861201933617, 23.6024262688123, 28.8929975012793, 28.1599271482868, 
22.8756815325588, 25.2346748381267, 27.0906351815446, 31.0488860013816, 
29.7069725961215, 24.9283883161256, 31.9725028214997, 25.2629674956201, 
20.5447001942146, 29.382903267892, 22.1999477894916, 24.8996505901293, 
24.24542982253, 39.5088177135411, 16.4696438921911, 26.7854094708864, 
28.6744536328028, 22.9428429035348, 28.0605217205619, 32.5113273140718, 
25.5566116959748, 23.2248327405115, 27.9748397689398, 20.0286141722073, 
23.8608274397673, 24.5113685897865, 18.9073555185553, 25.9679689693987, 
20.6657363466838, 25.032055379074, 23.83552954511, 27.393615249942, 
29.3511689865067, 28.5694823231965, 32.1477261552921, 36.6500767303272, 
20.2156545063513, 26.4219169066319, 24.0611714800751, 31.5088547255411, 
24.6896564267247, 29.1968321679213, 38.2395269376123, 26.1043735016086, 
26.0130676732839, 22.9534462201485, 35.5742380242494, 19.8755024039573, 
23.9924034988871, 32.4890566410951, 30.1306663378307, 28.4312348019419, 
24.0926715984738, 28.3306366268336, 27.3466300472577, 29.4764123436973, 
33.6087805028608, 22.3377751243876, 29.1830590142267, 28.801703195982, 
33.5878841419129, 32.9519800731182, 26.6424612177541, 22.0938228400414, 
23.3806232891116, 25.1062116437124, 27.8351235657458, 55.775957557227, 
22.9828960228609, 25.6468617076295, 17.9779141484946, 30.1378287355241, 
27.9529010889559, 24.0318752082155, 26.3537518372579, 29.6821749394602, 
29.2701208808384, 29.2165070903674, 34.8081219916409, 23.2998618251796, 
31.5863386658195, 27.5044758665732, 29.7565922408689, 30.1256268640921, 
34.2386652339571, 28.0349579257931, 33.1862788772572, 25.338304116644, 
24.9939300876858, 28.6820786024296, 34.9034093876555, 31.3937143361617, 
31.9747756082538, 20.254674352422, 37.7067946671392, 37.8115005944352, 
24.2542039535458, 26.6274706899085, 32.8536936345921, 29.7411042075901, 
27.3504397734832, 25.7289174462727, 29.5561181811107, 33.9072707488085, 
31.1122495512405, 29.3971344370787, 34.4742943518715, 27.5472360730492, 
22.4870280131107, 32.3504109251485, 25.0349020316543, 26.3256978839812, 
27.674347407541, 41.4757473234259, 21.8631619372014, 29.0925227702354, 
30.4891585088213, 24.4650046607063, 31.7723918507348, 34.6960862122476, 
26.0525521016609, 28.1923194268082, 29.7508936166575, 23.4354554723613, 
25.4518172189875, 28.5688461014699, 21.5049144441345, 29.4998307211874, 
25.2075890553844, 27.1544220844307, 25.9609234396498, 28.4586154170401, 
30.3757885456849, 31.4041138975912, 34.0444377912325, 40.0514551224945, 
22.9404973652483, 27.0445517979302, 28.364084893808, 34.1552032854873, 
25.2696197733308, 31.8970448394083, 45.2606669182465, 29.0019148964786, 
28.4238010558216, 26.8046751817732, 38.9385437734177, 23.6102321293175, 
27.042693076463, 34.7869024428935, 29.7901678359654, 31.7868807752302, 
28.0761536718553, 31.2527373123724), .Dim = c(100L, 3L)),