list(MSE_matrix = structure(c(9.33045031410664, 11.8515273004389, 
10.569529047484, 13.5556151965879, 11.8767104293226, 10.1292882255753, 
10.6433951492262, 9.30057391719405, 9.35394140719937, 6.82142563811132, 
12.6030609080605, 12.6029929488334, 9.64715625494084, 12.5280805707372, 
11.41282429813, 8.08279117459444, 16.0747845917322, 9.29785086162506, 
8.83339470283786, 9.48854349971655, 11.6638455672808, 10.5279710739301, 
7.56202396763928, 7.55301005029531, 13.3023525417199, 17.8963395970836, 
9.85517828604202, 11.9492383369441, 12.2187673757565, 8.46843067420417, 
13.483118253372, 8.67514500450523, 10.1691702768044, 6.52222385557444, 
15.3856995670742, 11.5194695260284, 6.47782831327514, 17.5894660134529, 
11.7817857313298, 7.64740051387278, 11.0413042330377, 20.6804015612859, 
17.0642863015053, 10.1220599941262, 12.9523474469584, 11.4638746601238, 
7.38947220245004, 16.7840773194194, 17.788173272715, 13.8535194705436, 
10.3483062688748, 10.65010504523, 9.32947917157919, 7.99316067140215, 
18.5834707446552, 13.4941677708106, 14.8813249832229, 12.371692687611, 
13.2979965257002, 13.9474777826767, 10.7683653500423, 12.2961400367081, 
8.00244550831017, 10.0652453075687, 9.31265260017478, 10.6506112248202, 
8.4074514474798, 9.42282262329716, 16.7180316149993, 12.8590906819677, 
9.91445632772548, 8.05977869160702, 10.2656241426892, 10.9691733746621, 
11.2711675365612, 19.3538017651768, 9.54673982645668, 9.37831349865279, 
11.2215230278495, 13.9368948766038, 12.3404360850581, 18.0586040505885, 
11.3547660485978, 14.6720497671647, 8.34160376946495, 11.9467339392989, 
7.56573880570433, 6.4853634389891, 15.7625256386749, 10.3061215933693, 
9.02909970177917, 9.21437607873353, 6.82923662801124, 16.1587979998479, 
11.673063055791, 7.35174019945023, 9.56028695151722, 9.55239516631269, 
7.45356258323536, 9.38968712322746, 11.9184774527639, 13.356177953114, 
11.4148936395173, 15.1554809168858, 14.2343607385216, 10.935756622549, 
14.188351881028, 11.9910946703899, 11.0950097305685, 10.8430760001141, 
15.3787227515526, 15.5584765263434, 12.9741320668139, 13.9984789462649, 
11.8196934425789, 10.6681221194073, 17.5949275021762, 11.2158123182741, 
12.5828142724806, 13.3780814492044, 14.0994358494475, 13.5942652738199, 
9.52692752678448, 11.1225284049634, 15.6071201180087, 19.6491217290785, 
13.420313023617, 12.7446166277228, 15.5837413357658, 12.062444635027, 
15.5801830173961, 13.6316682681529, 12.0897711328922, 9.28645657469217, 
15.8008417971255, 11.0371219403559, 9.45473156656128, 14.3810190753592, 
15.626999224406, 11.3522009558724, 11.9940201150118, 21.4432273505799, 
17.190060325136, 13.1282553900743, 13.4468904809036, 13.6615557462801, 
10.1357581440363, 18.100498388628, 19.36943658731, 15.7748267050348, 
12.6498102479002, 12.5821147580217, 10.8875405997421, 10.6823968814828, 
20.1530882828694, 14.5220494563757, 13.458245157278, 13.6414933764226, 
16.4917301255501, 14.0546856826883, 13.0222657882236, 14.7926939630713, 
10.0002743209774, 11.4629238193622, 11.9901923919552, 12.0613751574278, 
12.5119189428224, 11.4604419923413, 18.4537538065585, 14.4675875903016, 
13.6830025142012, 13.9280253749773, 13.1717215949164, 14.1616939177202, 
11.826522475498, 17.6604478403331, 12.7684207304175, 11.3126224301474, 
14.9601234151333, 14.3097925129805, 13.3957046718403, 19.0461864648791, 
12.6682955622897, 15.4789130300218, 12.2327277976722, 12.151809770012, 
8.99217388156591, 9.93658901900594, 18.9243653331807, 13.5407584475359, 
11.0270959396477, 10.8800415431204, 8.72573928956388, 17.6909904533968, 
11.7445200334927, 11.8580048092927, 10.5328759824028, 11.7849285872052, 
9.62256007655323, 13.0598028803949, 12.9619229091303, 15.1467616062994, 
12.4530671241753, 16.1422498286531, 16.3033272572054, 12.153179208634, 
15.0485488207937, 13.0985490697004, 12.2590998537111, 12.3139459317651, 
16.6720983188976, 16.6670672576063, 15.1816419348635, 15.4647370160043, 
13.01666326607, 12.4159047178761, 18.3049794040438, 12.1039375322416, 
14.0054779691871, 15.0813605612187, 16.5568272765606, 15.5622772728984, 
11.1419678670838, 12.5683224269897, 17.1283957899021, 20.9458537923579, 
15.6727564914948, 13.862513677801, 16.686201527485, 13.728608517799, 
16.9667087555269, 15.0828654439497, 13.5955686153463, 11.1478635753403, 
16.2622019494013, 11.9570850346188, 11.1962153926594, 15.0652213797761, 
17.0821642353206, 13.7314990388168, 13.2394166524247, 22.0418832765731, 
18.2261156857234, 14.8973192663066, 14.61607706982, 14.6439264940827, 
11.4850588663564, 18.8636641459951, 20.5046226916672, 17.0832959015378, 
14.225644722597, 14.2981468869195, 11.8889939341602, 12.3773599206014, 
21.5104836493321, 15.4842507924197, 14.4159689949637, 15.4585560194223, 
17.5906344950128, 15.1791912660814, 14.4227395215606, 16.2391254522955, 
11.6296898802056, 14.0317953794265, 14.3005755938552, 13.4098556482863, 
14.5392346305915, 12.602601787065, 19.5509744753396, 16.5818344135851, 
15.0775998166269, 15.7686401312251, 15.1006021118604, 15.9737106207999, 
13.5750689048629, 18.3566079571033, 14.6778436578051, 12.4298296711182, 
16.6037476264077, 15.5749709587713, 14.4356854389645, 20.3158769806685, 
14.3047717619414, 16.2344803693663, 13.9692208509799, 13.7762308528019, 
10.3322289620573, 12.1948313150433, 19.3042634990508, 15.3499103387822, 
13.3852732587318, 12.930724375292, 10.3117116545082, 19.0044096334861, 
12.9826098340503, 13.4010622249542, 12.3128138002165, 13.4293808661104, 
11.070038649553, 15.1089853078906), .Dim = c(100L, 3L)),