list(MSE_matrix = structure(c(11.4616665879705, 14.9341973192661, 
13.7310837538668, 9.78078361935453, 11.9996740741108, 12.1612379361688, 
14.7513117033499, 14.7671167494328, 9.30361835813624, 13.8969000697819, 
16.9175022742552, 10.6846885852628, 19.6660489739184, 14.7300388476666, 
13.9450375919535, 16.7364935239042, 11.7545169562962, 12.1360582284191, 
10.0067285538024, 12.6552897040409, 13.3506765773594, 11.5776792847614, 
16.6814231118566, 18.7557431005229, 9.77776377835836, 16.274864921263, 
10.6503208350643, 9.42740605980242, 14.9899952652374, 10.7350090408563, 
16.5890701647264, 11.361643504522, 15.6794115672533, 16.1940670667479, 
12.8558051762605, 16.5854359852638, 10.8940216236595, 16.2606477452439, 
16.7242093459009, 20.550986653851, 12.376081469152, 9.25297121477064, 
12.9533722143951, 14.8478433337149, 11.1523856199357, 9.59868257378525, 
15.6243362256484, 12.7734341440895, 18.2567584297653, 13.5692754827596, 
14.2545738111584, 15.6172034340667, 11.7896169044275, 13.4932790318287, 
15.4270187724972, 12.90587223047, 12.8868603755847, 15.9806114333492, 
13.6522682853326, 12.6494176532836, 12.8337338144013, 10.3888507794525, 
12.3440308333952, 19.0883614984534, 10.8221928285901, 9.69518677374067, 
17.2045551638236, 9.15318206041608, 8.97363278416141, 19.7405074542649, 
12.7828479869867, 13.2335535093169, 16.7660852875704, 17.3725042193495, 
14.8994009806713, 10.6045163380539, 15.1265129979408, 10.5101380861005, 
13.4920154715917, 14.9062688243803, 12.5090313611419, 15.6715717869388, 
12.5746463152474, 8.31160544197738, 18.3109758832766, 14.1596127650091, 
12.8647811541888, 16.1394074823297, 7.75461463652688, 11.5187889147146, 
9.20359191302052, 16.4715117870867, 16.8368470262387, 10.0097781206065, 
13.7054192288122, 14.3819521116567, 12.4738146912325, 10.683012170618, 
10.5358045850283, 8.07480916350701, 13.9619976019974, 18.089089823914, 
16.9372315886038, 14.0462934577475, 15.7052615609092, 14.2529158712464, 
17.7137164288659, 17.4638817154944, 14.8030388890173, 15.7544378814432, 
16.9462360103013, 11.9260410264372, 19.6808165303466, 17.7402614798686, 
16.9167120873181, 17.8228552219, 15.2527083780329, 14.9152227030636, 
13.6981197843648, 14.3538691075108, 15.4804233011925, 13.0754114282708, 
17.6146033433703, 20.450009061977, 15.2602348314575, 19.6485242550752, 
14.0302022940537, 13.4468369291073, 18.34725302432, 15.4904458440355, 
19.7496516099776, 14.9385232112632, 17.4008857927275, 15.3102301959934, 
16.7409753068231, 18.2697838219675, 12.4229536308908, 19.9083419015, 
16.9426051585699, 20.9457713596411, 16.8021211798566, 13.0434616691251, 
14.7940064842576, 18.0541698985678, 12.7131255483277, 12.715939838422, 
17.2999675259645, 14.0279096893723, 20.2188277070221, 15.8294035062465, 
16.644043863152, 18.0666031355431, 13.9090046198709, 17.0596676595864, 
17.044026455695, 16.3330044874031, 15.1488824271678, 16.5841328963369, 
14.8919722885016, 13.3330186842918, 15.1606174689224, 15.8795568778737, 
15.6454274039742, 21.5948048754718, 13.3099889364658, 13.6709865679644, 
20.9807021312287, 12.5087769525802, 13.4731636387681, 20.9016376700532, 
16.5160460826853, 16.770962407392, 18.8960764138917, 17.4428005543742, 
15.2399191933099, 14.7720899601828, 17.683708581089, 13.3093497493286, 
15.9953258195271, 15.854051232514, 15.4089581751372, 17.878064127331, 
14.1515908348825, 12.6303633264434, 19.2268786374482, 17.2934439205561, 
15.9840692475785, 18.6549431449218, 14.9992683875519, 14.5524207121664, 
11.5928857614752, 19.7696023071067, 20.0867787952758, 12.9104898486309, 
15.3703042490555, 17.2310307178664, 14.5481237438569, 14.1450380500005, 
13.4203018929607, 11.4635434131656, 15.519816112364, 19.9981981784928, 
19.1705286252035, 15.3864738365391, 17.6195501002904, 16.2571825682478, 
19.3060256524071, 19.3460512611303, 16.796012319696, 17.9806099864936, 
18.2685181390504, 13.2656993887099, 20.5924091471064, 19.8770839538325, 
18.267012750919, 19.2761273500003, 16.7983994705039, 17.6000128800054, 
16.2319342470985, 15.6036019671962, 17.1131875062565, 15.6922434362617, 
18.7622198017034, 21.83807411774, 17.8563702843694, 21.6036597334499, 
15.5681834526001, 15.3061633581719, 20.5996913287144, 17.2940193299672, 
20.9340003657132, 16.8126984452652, 18.8295611677133, 15.817659682015, 
18.6295390241359, 19.2277400189862, 13.6243906281779, 21.1936642875747, 
17.8660212262644, 22.6949216173418, 17.8847504439732, 15.4100982564263, 
16.0988826981359, 19.8074163830359, 14.9363875000866, 14.4409080082999, 
19.063216146445, 15.2327002590559, 21.2995823242898, 17.5271289038685, 
18.3035618844993, 19.6639297286417, 15.771907855697, 19.0168728038228, 
18.4023439505436, 17.6663872963749, 16.7021303178076, 18.4457918490515, 
16.7240475213261, 15.3908943068427, 16.4833903823839, 17.8825488548174, 
17.7246857949763, 22.46281147615, 15.0406404096748, 15.4823943363617, 
22.512995949118, 14.4203369160145, 15.6909691190288, 21.6442275477887, 
18.4113106506009, 18.1626740072834, 19.9967069446448, 19.1841472180416, 
16.4811408770742, 16.4906648518961, 18.9495124486091, 14.5230626812437, 
17.4870183422715, 17.2682586020509, 17.5189863553743, 19.3970691337904, 
15.7035667105462, 14.961566926544, 20.7210744996213, 19.0414356574317, 
17.7909611927849, 19.914643809383, 17.9205657426955, 16.7214168825597, 
13.7886825642809, 21.1074896596115, 21.4815451654126, 14.5491081462278, 
16.9763945233782, 19.2527134349262, 16.240577723574, 16.2601096306016, 
14.9151716830097, 13.0695598760798), dim = c(100L, 3L)),