list(MSE_matrix = structure(c(25.0130578523915, 25.1879231648424, 
26.8262556478103, 30.8800615517619, 35.8413121323072, 27.9539048051655, 
32.4311062321945, 25.5497478357167, 20.8691566362523, 27.912636405212, 
24.9038704944692, 30.8216749345461, 31.9258877332843, 23.3346511860401, 
25.6000845260274, 25.2075537369536, 24.3354505205412, 25.6665144915441, 
33.3856049286576, 23.4664691203115, 25.8787746176202, 26.1700485915142, 
27.0207833266449, 23.4355296284675, 33.2815932502444, 23.8949775203911, 
25.8663926087465, 30.6346123647553, 31.0323313961447, 25.0205006546282, 
30.0289932877732, 28.71027469625, 27.5196060402179, 33.2776784048103, 
20.7981602526762, 19.9157372889945, 26.9933490748359, 32.1640068790987, 
18.0559490684458, 25.3560829429468, 31.1425514220212, 27.2467389200517, 
15.0318044757015, 31.2018572644637, 25.5927898245697, 23.2371683381117, 
17.7567695640442, 20.8099490827825, 17.6080306342876, 25.7995489942334, 
26.9527860010526, 19.1962558511603, 29.2573762373471, 25.4791064751367, 
30.4231226330364, 25.5907301107259, 23.906589195405, 33.8954900083365, 
21.6589082216659, 24.9436463915356, 23.1979992666625, 28.925541527485, 
23.2232610672678, 26.3083664396907, 28.7532020136227, 22.0297614350855, 
28.7157176845626, 44.56464730838, 20.6597454879881, 56.4526011449033, 
31.3406166660319, 30.9751769119348, 26.0662297442774, 23.211704369349, 
34.223062869607, 21.2828418593155, 28.6938525051186, 23.5857942199204, 
27.7113717759216, 22.4568810982114, 21.0828696559444, 23.5461372105943, 
21.5989886134016, 26.8865672789896, 25.4833900461756, 38.0405869654289, 
16.1328755517662, 21.6447763839782, 14.2220300835285, 35.4326446200065, 
30.6346455502025, 18.42019745709, 21.982050771303, 26.0049895741093, 
27.9017354251705, 27.601962192306, 17.2800746592718, 20.9430564288943, 
23.91736958771, 22.7294074927684, 25.3540863927835, 25.0271894759869, 
27.1114030905575, 31.1662008818105, 36.0824349646117, 27.8050642787877, 
31.9360901207928, 25.113972191362, 21.3188014297993, 28.0689127095501, 
24.090041346626, 31.034747729833, 32.6230571873333, 24.1435043584409, 
26.089739249876, 25.0838431498275, 24.9696464607816, 26.3318571134363, 
33.7264987756615, 24.1186667929733, 25.8267671633633, 26.278483160288, 
27.6849820307207, 24.0544580303658, 33.2218588970901, 23.417542544436, 
25.460465473958, 31.0244500189432, 31.2379111843577, 24.6486133671364, 
30.0977935740005, 30.0948566010288, 27.3598049151771, 33.8259594389605, 
21.1819304381893, 21.0499134160899, 26.9148032973833, 31.6657983771231, 
18.27744925972, 25.7216654706336, 31.4918022250791, 27.904131478494, 
15.2121916168169, 32.0671636673107, 26.4937173561631, 23.7052099013337, 
17.876806579484, 21.3803202755788, 17.6783795891915, 25.902907410303, 
26.6155886173021, 19.3846020915774, 28.7393426554829, 25.7810817822086, 
30.6192872651866, 25.5082182854434, 24.730161721093, 34.3902464155567, 
21.9681313498951, 25.6125062693005, 22.8660582597752, 28.4658400716992, 
23.5928860807179, 25.7427215503019, 29.0198397216311, 22.8024950719342, 
29.2668980572742, 45.4632968004938, 20.6356779926716, 50.4023833537395, 
31.417357973764, 31.2113042751347, 26.007797048647, 23.9326200516259, 
34.6975989247669, 21.4779671744821, 28.9181609543531, 24.4427757944495, 
25.9397784116269, 23.2723685558504, 21.1463012123854, 24.695723809629, 
21.8954056527328, 26.5117932108879, 26.4071863691321, 38.4942740384973, 
17.0084029749561, 21.0277982130285, 14.5557176083413, 35.728233899933, 
30.5254481136432, 18.8603626924975, 22.0629108011032, 26.2459615139134, 
27.6565636998302, 28.83456386084, 17.6994163774648, 21.4802646454625, 
24.0389043037616, 23.2623357390261, 27.2639199718178, 27.5722023719587, 
29.6595389644289, 33.9029084154634, 38.8675486100823, 29.3182451002814, 
34.5152747760258, 26.0269208593563, 24.318839637792, 29.2736860322945, 
24.2433744270434, 33.9721011175529, 36.5681601400674, 28.0946488939291, 
28.5971054827273, 27.4118161483248, 28.0842204146979, 31.1077327799795, 
37.6784065951178, 27.9208681870649, 28.4662833040416, 28.6764425328255, 
31.782518317427, 28.872277109204, 34.8769719075653, 24.4728304111883, 
26.2302692475566, 33.1730812125125, 33.6295977693327, 25.1284109169961, 
32.1770945649578, 37.1766437855533, 28.4975981914057, 37.0232367141002, 
25.818837553544, 26.6943898762573, 29.2015388622929, 33.6436194741738, 
21.347814764901, 27.7792593805428, 33.8805917090477, 31.2903398954107, 
18.4479311648012, 35.280078681845, 30.7434434465925, 26.5122451301394, 
20.3229715284424, 24.3534231966361, 20.881789488153, 27.6484008330141, 
27.6895630855701, 22.2690900814706, 28.3933610534786, 29.8085128139135, 
34.0110319214185, 26.7597286104228, 28.8220086547953, 37.7327017250546, 
26.1074430938685, 28.660203850292, 24.0858855011617, 29.2965100574051, 
25.9363583275869, 26.9203928091657, 31.0915711211534, 26.6692550936973, 
33.1533077699084, 49.0993063807189, 23.343564172768, 42.8506181562501, 
34.1885602450903, 33.7979101930741, 27.1493819863556, 27.5986422136846, 
36.468095105051, 23.8186051790274, 32.3820319698271, 29.096576211959, 
23.2493379515014, 28.0712970079728, 24.7345818374165, 30.6715631770261, 
26.4609058646981, 26.3378975980372, 32.2805190183952, 41.0779128264017, 
22.2479124714872, 22.0903126366063, 18.2751339904387, 38.3117690234215, 
32.9642843973549, 21.5329025431524, 23.6675948453969, 28.3608789691132, 
30.2873509923165, 33.5702057630779, 23.9589293583744, 24.9175000829975, 
26.4526794547802, 25.6525520047771), dim = c(100L, 3L)),