list(MSE_matrix = structure(c(12.9249651343828, 26.6862839762011, 
18.7054177048701, 21.2887865020708, 18.1941954964982, 15.5918837034402, 
16.8611062214788, 15.7542538015501, 16.5059284170668, 15.429790199833, 
14.3614192779126, 11.1558732700476, 19.1653924561396, 11.6662376684986, 
15.4535382198425, 13.9785333165778, 19.1511240578064, 18.4692711654108, 
21.894365220053, 13.6005938249527, 13.273740735231, 17.1603466964864, 
20.6444300387093, 20.4054722078071, 19.9454014413955, 19.3427599743168, 
19.7469818142561, 17.5778784354814, 16.7747194372798, 11.4905811435515, 
8.5020526990346, 19.6950317087758, 21.146969957335, 14.7604650638001, 
22.7613735629305, 18.7971949249092, 12.1996519984392, 27.6702108951786, 
22.7556999791524, 18.5389277865954, 18.6842457605708, 13.8081999332182, 
18.6562671860307, 12.4813024287287, 17.0103289745832, 16.1394293616759, 
22.226820003463, 18.380215480525, 10.513512441641, 13.9933975433467, 
23.5859502484022, 17.2041708197194, 24.720747789678, 18.3739154946589, 
16.4850246478502, 21.6389338957637, 18.9983397447243, 22.0187574375824, 
21.5907005918958, 13.8387170913813, 19.0608376790157, 15.2621514078794, 
24.330467962628, 23.1468985728982, 29.4987650135614, 10.8225096057424, 
22.9245021033598, 17.6844244596287, 17.4241098762005, 18.2090768321609, 
18.5111211379286, 8.9829449098695, 17.703879347432, 13.0432817128654, 
26.3013491013649, 20.095300426276, 16.1458156184986, 18.7419989222569, 
18.3026743899768, 20.1594492834396, 12.5281333109687, 14.4656340689721, 
25.0674702796277, 14.3376943555519, 14.9991749569886, 15.1051106978181, 
20.1991066526876, 20.1687060053867, 19.7120055593137, 11.0461992377983, 
18.9980768259469, 20.7372957812093, 17.9102048543798, 20.221443179436, 
15.7247466782024, 12.4320369890798, 19.3663859696719, 18.3663661142745, 
20.6280453237228, 23.8318376602512, 15.8177821953631, 30.5177400782025, 
21.2880055602385, 24.0287816276015, 19.8481284707009, 19.0514771598809, 
20.3239986256501, 16.6620279819248, 20.6161070164284, 21.113399131935, 
17.2155513847214, 18.6401951006151, 22.1053194554073, 15.0291460987633, 
18.3268868549155, 19.5556609111621, 21.7840455537578, 22.0873803875127, 
25.3606245439403, 14.0559855456923, 17.0550806906684, 18.907485801332, 
22.6759549573931, 22.6697812230198, 21.6925394906424, 23.3882359337317, 
21.5336170191595, 17.9372049669278, 22.4499826271143, 18.0378796188375, 
13.4877395122334, 21.3423127094038, 22.4337988762188, 17.6797230208467, 
23.0045533737876, 19.9808815088544, 16.2349675032088, 29.91399142512, 
26.0767479412802, 19.5406123509977, 20.3184545260312, 19.7253491814954, 
22.833695576781, 14.3119551185135, 18.9024591365329, 17.5610215570743, 
25.9299963553328, 21.7217132157156, 14.7939000560485, 16.7642685175542, 
24.8127088501347, 20.735876875832, 25.2480885975014, 22.2544435213687, 
20.5590121201354, 22.6808987266046, 20.4619448538181, 23.4756308027766, 
24.6643786475864, 18.1056307518802, 20.8078505336446, 18.2122557742471, 
22.8345835113737, 24.7772933959199, 27.793150537286, 14.2351171227211, 
22.8220501098017, 22.591227314956, 19.5850256927843, 20.124659008468, 
21.3717547421727, 12.5038516732241, 19.3459164663636, 17.4666098995824, 
27.7371287491885, 22.8469586852368, 18.7234115563438, 21.5731846579975, 
22.5862283699843, 19.3183875265909, 17.144237705323, 17.3143517642161, 
27.6286031508805, 19.6074251352752, 19.494975929741, 17.698455776688, 
23.5780777586747, 22.7472121766356, 20.8189852588357, 14.2819782901193, 
22.2708603391985, 24.3020561830627, 19.2459783316127, 21.3770728432785, 
19.5077345146011, 15.4570797399672, 23.4429071156453, 19.3141610379416, 
22.6956774863963, 25.3516127549354, 17.499964570716, 32.0775891707371, 
23.2185757329575, 25.4170380431699, 22.018691153617, 21.2154403437528, 
24.0574884877978, 18.3250865231537, 22.5490581166197, 22.7750171009026, 
19.3278711835531, 21.5753250049677, 24.4829739219162, 18.2063501919192, 
19.9826354952135, 21.5076084942737, 23.2384700178843, 24.4744681210108, 
27.2970875269874, 15.2866859755376, 19.2775961162644, 20.808060421804, 
24.6344779695288, 23.9745947645389, 23.5629183031405, 25.787199588213, 
22.9134746261297, 19.4845183432679, 24.3652813265596, 20.8246231206299, 
15.950019836361, 22.5158232873713, 23.7747788498453, 19.1738371879038, 
24.9505310150422, 21.3757578043847, 18.1396993333745, 31.8912649040531, 
27.6044161598452, 20.7108157306529, 22.2321650865245, 22.9000063151095, 
25.0009836530249, 16.2545317152232, 21.5586114473418, 19.760635925104, 
28.3643609777535, 23.9908094823434, 18.0522283370172, 19.349829145894, 
26.7029810098962, 22.8066515787569, 26.4335987887497, 24.167599929548, 
22.7079197851662, 24.2071447611938, 22.5517948238549, 25.439550672295, 
26.9976781945712, 20.4487728403308, 23.2403135267823, 20.6599719075951, 
23.4848526700571, 25.9116740411074, 28.5936204680393, 16.3411250059116, 
23.9987700791231, 24.5611569637149, 21.316231822851, 21.8491830132636, 
23.0711795796948, 14.3572499296413, 21.2118272730519, 19.9736257221435, 
29.5104213032938, 24.8794398485519, 20.5919229566351, 23.9978822209365, 
24.5596449310106, 21.2871100284574, 19.7259228260568, 18.8934679605796, 
29.9926469179412, 22.1512462592735, 21.436486720511, 20.8549573442941, 
25.3319878785002, 24.3070724774537, 22.081114056812, 15.6691586861627, 
23.7464140794361, 26.207155755504, 20.741208976766, 23.1512381141728, 
21.635114003845, 17.2052913313551, 26.4467741866656, 20.4606597457632, 
24.2105678799791, 27.7574607782648), .Dim = c(100L, 3L)),