list(MSE_matrix = structure(c(25.0130578523915, 28.297221884204, 
26.222126772866, 27.8156453179193, 34.6411202277132, 29.4247546635097, 
24.2814025599839, 22.7219429266984, 22.7538377990979, 16.860452153087, 
23.0915413085705, 21.667330020103, 34.1434082226406, 23.2456481725199, 
24.1262494792576, 21.9239568875417, 30.6036321295272, 27.644397168825, 
35.0490052952026, 24.3215407647677, 27.8124239676196, 17.5960951340658, 
19.5457130483709, 24.0213391515385, 25.5949832777529, 22.8021523963217, 
18.6266180550678, 25.6264564350684, 22.2202679044392, 32.3502769240482, 
33.8427402439869, 28.4119098563867, 24.5090383669766, 20.3965388889143, 
32.3282864975591, 29.5533865170234, 29.6400415167132, 15.3624124735366, 
31.519945411717, 23.1197077148505, 29.3606910574421, 30.1955900145859, 
21.5840428450605, 27.3513418479732, 36.6450247036937, 23.7967107408275, 
29.7077594683619, 28.985429422082, 24.9023408413845, 19.2477034562108, 
25.5644425610551, 21.6063190821685, 20.3593908491757, 28.6965854616722, 
29.5212597289193, 25.2292321342624, 24.4164198065477, 19.5878576529505, 
31.5937692166163, 21.5686574543389, 25.7005839734245, 27.5234790228689, 
35.6326141157952, 25.0785043795568, 28.0987651531104, 17.8738527410981, 
24.3859975181641, 23.5523206648945, 22.4487918621307, 27.4452041591, 
24.1799803616477, 29.06205812498, 38.2015942271061, 23.3483532429705, 
26.992149280212, 22.0500146813056, 27.43723939739, 24.4646681144289, 
24.1767745277383, 23.7600961403949, 22.1589356916462, 29.0618449782886, 
28.8703313882814, 22.0950101208439, 27.2904125273761, 29.0685708378698, 
17.5305918966065, 17.8354801676472, 26.123631152005, 24.569290911519, 
32.1791101391742, 31.731933154365, 19.3598095081628, 34.8017589129295, 
20.3396914241738, 19.5606718941149, 25.8706222247556, 45.942828182208, 
27.2694332076545, 27.0661498459353, 25.8365955811145, 29.2386322015806, 
27.6209335085884, 29.0395389096183, 36.6497375035351, 29.7017900652841, 
25.5324027793636, 24.7198087307841, 24.4465206997023, 21.2548465640556, 
27.2340486828463, 22.301839960398, 34.8562850436699, 26.3118479138694, 
25.2307366725196, 22.3653898162542, 31.7939617353705, 29.9531129418729, 
33.5994177890733, 26.0766776390969, 29.4404663101457, 20.0538826864283, 
22.3765577035194, 26.0126544952503, 27.8833847341163, 27.4931123249578, 
22.9777050528333, 25.8846711333697, 23.398251951083, 32.5991115367973, 
33.6698012126454, 31.3100242616757, 25.194662175907, 23.775000185489, 
34.7310563216879, 30.4937712546533, 31.6279593357643, 18.2003260626474, 
32.9857552469308, 25.1048610895519, 31.3751027203642, 30.9954349463444, 
24.6149140852737, 28.3743151517355, 35.8082406897484, 25.3869274319571, 
31.1741767862224, 29.9831643943006, 27.9560443450197, 20.6392268958015, 
27.0450880017651, 23.4113178202945, 24.1823449366249, 29.3521420595601, 
30.2091477400613, 27.498505277406, 26.8813235716387, 20.8891593023353, 
29.1694861186094, 23.1141391649005, 27.9928646923748, 28.8853487788852, 
33.5350966408236, 24.9402974781326, 31.6366740111282, 18.8716657057895, 
28.9794095996071, 24.8715590287107, 25.0773016588896, 29.8723267022565, 
25.3154615683184, 29.0518782077516, 39.6794650478548, 24.538137795902, 
28.150108326595, 23.4619367924651, 29.1979967276898, 26.2703973160455, 
26.0542244704816, 27.6787205735769, 27.8378445529098, 32.6254114353286, 
29.7030853717103, 24.1621779280966, 27.1061151837701, 29.9869371635706, 
19.8357011892286, 19.0982373544704, 26.3265495114185, 26.2942624707927, 
34.2960275890906, 35.1867932998804, 21.3529139592516, 35.9168043191672, 
23.2713998590146, 22.6655234368271, 28.5580394082257, 43.8369722712728, 
29.1049606170824, 30.4960286971813, 28.0100023022466, 32.0194115242956, 
30.9798492628324, 34.1015011961115, 40.8351923279399, 32.3061453133184, 
28.6998150059306, 27.6861337134318, 27.6700976383049, 26.3518121862639, 
32.2433773461085, 25.3292683036385, 34.7896532560658, 30.0912342120342, 
27.0330429486477, 24.0367346640102, 34.17971262034, 32.5616981947845, 
34.9577646192861, 28.426596545104, 31.9448041516735, 24.3556198163104, 
27.5424240385595, 29.0040618313518, 31.320992070049, 32.0264381225598, 
27.3044983196693, 28.5571518703484, 25.462401966539, 35.1256036929022, 
36.7809890371106, 35.2355585621217, 28.2050997084985, 28.3230207673356, 
40.6432446582415, 34.5840336994603, 35.8994086737008, 22.7608334386355, 
36.2810595340628, 28.4430083109695, 33.9265604969598, 34.2866528621946, 
29.5762173669717, 32.1284100448093, 37.7953750920011, 27.653891745376, 
33.7133211841381, 31.0636602990818, 32.1664498549634, 24.2428441084608, 
30.4858864925568, 26.5498783365787, 30.215026537141, 32.1276736594666, 
32.5531832161445, 34.2189570412182, 30.4167231698358, 25.2210012595209, 
29.9501896270249, 25.974085832852, 31.3295320246643, 32.340435987966, 
35.3182118700106, 25.7648006755909, 37.3660410778583, 22.5713521679946, 
31.8547184584841, 29.4740675557169, 28.8132783842366, 33.592807282404, 
27.5616947768464, 32.4666169579349, 42.5585671946457, 26.9727073270125, 
30.5638162574527, 26.3319959126685, 33.8942260393663, 29.0106893991477, 
28.7199532747635, 33.1876655796956, 32.3938115006689, 36.5936346418188, 
34.198763737731, 28.1036543826891, 29.5432016579355, 33.0195124847367, 
23.7104595995614, 23.4522472791428, 28.1055747311993, 28.4923053732583, 
36.7993099869567, 38.4147848630539, 24.8144687681876, 37.329781634981, 
26.847210181693, 26.0044176660372, 33.2224476899119, 45.1102939534046, 
34.0846955089512, 33.920693137163), dim = c(100L, 3L)),