list(MSE_matrix = structure(c(9.33045031410664, 7.11822959056953, 
8.8424790977502, 10.783744083563, 11.0687873909867, 10.7541691431329, 
15.0807706808453, 7.45395583201886, 15.8058338760545, 11.6452564143801, 
9.8043672289966, 9.22672348705961, 9.03684295558674, 12.5454895456871, 
8.06181613911152, 7.41962948431506, 17.1628715928235, 13.4036724077549, 
14.131626643579, 11.5487303683807, 7.76509556505328, 13.6483215210363, 
13.1954686443599, 10.8215293644771, 12.4110391634516, 7.10529855466287, 
11.2875673749057, 5.6118790702719, 10.8135517896695, 13.1917408928775, 
8.68421893981396, 15.6762658343654, 13.167950372477, 8.20677127354222, 
10.0925881684065, 9.40492955285846, 10.8824644230759, 10.1205415296821, 
12.5016791336537, 11.0043381420456, 9.77719158883971, 9.02156493237157, 
7.65346009320918, 9.63451652509311, 15.4863924977961, 16.0171319789632, 
7.56228013706892, 16.8118302236171, 10.569845374138, 8.65053452613671, 
9.11549334165595, 15.0746630036189, 7.57835743301901, 15.1401889621356, 
12.4047291716338, 8.63937550108905, 6.76696613724913, 18.3962047835567, 
10.2245460365902, 10.01443743211, 10.9703355181451, 14.7621694678218, 
6.72150350326309, 7.94897240344561, 14.278378859271, 9.45545665562925, 
13.9077525574975, 8.51173537492308, 8.22614374425268, 12.7062064782517, 
12.4591710361435, 10.7699979460575, 12.6501084994804, 8.94009416844176, 
12.8890861184186, 9.80609410723959, 11.1000791683188, 8.8568776746046, 
8.67012092414835, 9.19595452086073, 8.754764796497, 9.32439542542427, 
6.56921739062052, 13.319622734555, 14.3844602947551, 11.120791065235, 
11.0446921333477, 9.54304457828684, 11.4220253353555, 14.5362672368596, 
6.42411622008259, 11.9809314004032, 11.1429692677424, 6.53220715186728, 
13.6179562843316, 8.19523141888452, 11.3419032324123, 13.0624535896151, 
12.4527611707648, 15.0505950886926, 9.54218325356504, 7.28481692540569, 
9.09223679568946, 10.2307477622815, 10.9762792121294, 10.8449199340734, 
14.6816189069018, 8.14259586913326, 15.6550424254276, 11.3764881426265, 
9.53265293586373, 9.4711704511097, 8.96667369427803, 11.8607474891555, 
8.0340466506645, 7.6703351942752, 16.9527728113707, 13.4956409568318, 
14.1430290375474, 11.6471301698026, 8.05623486096305, 13.2911381706984, 
13.3459730442954, 10.9623333107689, 12.2077065125413, 7.30880812331495, 
11.6764007495444, 5.64170293026652, 11.0124416077926, 12.4725008483696, 
8.85073793042987, 15.6037894896146, 13.1647189877028, 8.59601723520424, 
10.1277730863128, 9.63641634892913, 11.312352873166, 9.99440474969767, 
12.2604479243887, 11.0657600373586, 9.82871504723393, 9.19231941234679, 
7.83926043230692, 9.50013290239855, 15.6667835395756, 16.1909291852004, 
7.30844043750817, 16.8417372900523, 10.5667489581764, 8.3761853774834, 
9.00630566313251, 14.4081605248723, 7.7855876989092, 15.14476730548, 
12.197084790369, 8.75053665940998, 6.88296971292444, 18.3287709347446, 
10.3867510186818, 9.78841670265734, 10.8086075065431, 14.6825817709728, 
6.9132133878754, 8.42197799252791, 13.7779477128428, 9.4660728493236, 
14.0272429727078, 8.75970974912037, 8.65057203945923, 12.3854702367595, 
12.4035632443104, 10.7209174808053, 12.7620292652234, 9.07505105389728, 
12.648897727309, 10.0162010656388, 10.6686555261503, 8.72800125108514, 
8.48864179525105, 9.06320563486372, 8.43209178887051, 9.28209894360849, 
6.74891846418349, 13.6058757342514, 14.571368651271, 11.1149293892171, 
10.6356635905333, 9.30525010711587, 11.4082552128725, 14.7554005277904, 
6.71703392857549, 12.253859171607, 11.6423427422898, 7.00786732239038, 
13.2984101010381, 8.55899561296185, 10.9873017282317, 13.2263162114995, 
12.0258328338628, 14.822746242546, 10.8494309631574, 8.9405508120933, 
11.3236418492032, 10.5485898321161, 12.1934330270061, 12.33391527363, 
14.9280110160343, 10.8152706407146, 16.5816205778418, 12.2468173787592, 
9.47014758586158, 11.3551675285591, 9.57781984539458, 11.1885983830317, 
9.74767430605856, 9.09410501022202, 17.0284840295447, 14.7072196282009, 
14.7452185401011, 12.6527394785944, 10.395440566737, 13.5421769907885, 
14.479487684702, 12.4733390388491, 12.5265088226372, 9.47288659796973, 
13.4094357283612, 7.7068123100184, 12.8336285638486, 12.1680330791299, 
9.89933054685158, 16.2806142727303, 14.2617707190342, 10.6363436379087, 
11.860173226673, 11.8684924114016, 13.0081298437889, 11.568104479007, 
12.4303146800677, 12.5904726283056, 10.557150515091, 10.4567604456737, 
10.3217330571581, 11.0372781332957, 16.8956988623145, 17.3925824941389, 
8.49151431534695, 17.3927856244457, 12.3929895158924, 8.93034176964005, 
9.26300629126899, 13.8842801566694, 9.69785673327899, 15.6263810181178, 
13.0976289876325, 10.4252858858525, 8.05009863945119, 18.8063765255228, 
12.1075453598011, 10.4860133253663, 10.8736136218967, 15.6971312989426, 
8.50221836007971, 10.7916981276303, 13.5348351146797, 10.5883957954503, 
13.9822326155785, 10.4398956840068, 10.8636214253946, 11.800733858036, 
13.3861530515834, 11.7285958527357, 13.9201098782836, 10.2872675991796, 
13.2366335540906, 11.9986767269253, 11.0168897675335, 9.92052522463992, 
9.51260174332258, 10.1028564696237, 9.95002350037645, 10.2727967654653, 
8.09129009185913, 14.9333497002454, 15.9791026988724, 12.3774293762217, 
10.8303497871642, 9.91752142374203, 12.4041587714133, 16.3797069875894, 
9.34278862097695, 13.4165884745312, 13.9371151842332, 9.28880460322326, 
13.3048535214483, 10.1322453508744, 11.3638349358381, 14.3214811679698, 
11.8231790223633, 14.864609894491), .Dim = c(100L, 3L)),