list(MSE_matrix = structure(c(12.9249651343826, 15.7173167821881, 
11.6589596545988, 11.6965933344559, 15.5138024209475, 16.8842699536654, 
18.5377678748868, 13.7256908134295, 18.6117941563248, 19.9884542836904, 
20.0929010486783, 21.4056551701344, 16.7056454332493, 22.0901056937473, 
14.9341457155846, 19.0156898630134, 22.3113613069587, 19.6495391190675, 
21.7388795169625, 19.6561152190976, 16.1882763488986, 15.0585085059821, 
18.6791895449215, 25.591816829195, 16.7507257047124, 19.9124370435402, 
20.260233402448, 20.7252843303125, 14.1092479125715, 12.3844123932961, 
18.8289415531023, 22.9067135810776, 16.7147411915994, 22.4900811069616, 
19.9606630683418, 20.0810454689811, 13.4356992458265, 14.9083874850262, 
13.9327042511665, 16.5427614088137, 17.5172286112938, 20.4150132129904, 
20.3472402228389, 16.2283763156688, 20.2631514476605, 11.8017913781394, 
13.8313217658307, 22.4058006069933, 22.2418894484235, 12.927135676355, 
15.1583673340143, 18.7432194516917, 14.4039321008373, 24.1884921412909, 
19.8463564213387, 17.3186158417519, 28.6719628917889, 13.3141441567168, 
15.331614656407, 18.9365096520688, 21.3860414589281, 17.0774303642542, 
15.3943163828276, 20.7946357339651, 13.8155520274729, 20.0259312715471, 
11.9296975826809, 16.6531121789835, 13.2297665218594, 16.4469771338188, 
17.475479098719, 12.9841993750631, 17.306914274888, 14.4699779138656, 
9.20510806042005, 14.656166919187, 16.0516865720728, 21.7742929074889, 
8.17039157173174, 15.7073432105379, 19.2096251201267, 21.502628603295, 
19.0396972420243, 14.3835134917249, 18.0301863897085, 13.0437881429225, 
23.1805491557958, 18.9678445127951, 20.1350059442855, 21.6987169929509, 
25.3721520607279, 20.1766324730534, 14.7274894357531, 21.4924880376205, 
19.004855686927, 16.8817807516172, 24.2048304939068, 21.8762483454625, 
16.7268017377664, 21.1864895733034, 13.5584122623278, 15.8881478800132, 
13.4268877951241, 13.1792534369091, 17.5982119306634, 18.3208745878574, 
19.6837990146321, 16.0871211086974, 18.4309248450338, 20.8981560233515, 
17.8945980749119, 21.3262755609367, 19.3166764664785, 22.8797717965283, 
15.9472170371909, 21.4770612639073, 22.2436674067197, 19.9201344498165, 
22.5303906465475, 19.8429926367739, 16.197899665384, 16.5086253017833, 
19.3790928669171, 25.7444617495328, 18.039887317491, 19.5449209091194, 
20.4258985377509, 20.946963824025, 16.0123774794233, 13.3526332050952, 
20.5758338659776, 22.7390071099093, 18.3371463800035, 23.7679768446886, 
21.3445290900181, 21.5787620335592, 13.4532040515428, 16.9350848281804, 
15.6820379074701, 17.0151603605302, 17.1137868461768, 20.6677060556, 
18.7051723294348, 17.0173416272228, 19.354441309498, 13.0618186006268, 
15.087527798024, 22.7939376590965, 22.1815113834246, 14.4556193507603, 
15.864340036325, 19.5285495466779, 14.986480401339, 24.3388690250032, 
20.69499981523, 19.1308996095153, 29.2143027384318, 14.9279112504114, 
16.5761060208636, 18.8225258176287, 21.983344112415, 18.3134046478999, 
15.5641819834613, 20.1570453418882, 15.3555870340712, 20.9177660097872, 
13.3133576145429, 18.0479389144963, 14.7492600836373, 16.7790787906751, 
18.3161454863342, 13.6075841826514, 18.426929540586, 15.2928180334729, 
10.3697556056714, 16.6903610536104, 17.7928452393032, 22.644357672753, 
9.46243401081433, 17.4650443251028, 18.6822499527367, 21.5275841021672, 
19.7777365299977, 15.8951474566482, 17.8299224463682, 14.272119802349, 
22.4851760699819, 18.6796224626647, 20.7520260973075, 22.3272428773905, 
26.9381367632625, 21.7173184042328, 16.3577746585809, 23.3285645338492, 
18.7033802989344, 18.3774015807519, 26.0840728605337, 21.8380505231702, 
17.1738613910606, 19.6339761651154, 15.4490745586705, 17.3790642148887, 
16.6058288882584, 15.9479023332711, 19.95542010544, 20.4352069624894, 
20.6092430870504, 19.4507586104803, 20.4169665518798, 23.0088778073698, 
18.6033706780083, 22.7327920130621, 21.8210165254833, 23.5851778303402, 
18.1510323021806, 24.2465466189696, 23.3261406556343, 21.9034373886846, 
23.7887989371214, 21.3533537976922, 17.6424388669947, 19.0528208868614, 
20.7197816694484, 27.5518116576288, 19.6687472897725, 21.2716197272733, 
21.477659215518, 22.250362862196, 18.008807174723, 15.4701436784234, 
22.8352638962041, 23.725378172361, 20.8568494450137, 25.5331478873628, 
23.6427855537769, 23.7216250436855, 16.3319245032819, 18.9841609508327, 
17.8364072846031, 18.8017887578423, 18.7793846236138, 22.7852776582419, 
19.2604483608068, 19.6131960266774, 20.3829050924748, 14.9999905088985, 
16.0428750376382, 24.3181360094268, 23.5264631087059, 16.7986332896256, 
17.5681054253071, 21.735246717408, 17.1797966108259, 25.7789329213812, 
22.7458160526382, 21.8462858464508, 30.0185540207054, 16.8276517109155, 
18.3727103768751, 20.327252774185, 23.2255004474392, 21.6058461662516, 
18.6022928165128, 20.3041718456838, 18.3910730359435, 22.1119136173085, 
15.8400633214093, 20.1258397857852, 16.400970906529, 18.0370641851247, 
20.3184189256545, 16.3283157686685, 20.0971451770815, 17.2878400012084, 
12.1399210317963, 20.0716403036691, 20.6872808640313, 24.1309849928747, 
11.7032145591518, 19.8380970612518, 20.0713507137404, 23.2698920301341, 
21.0638128543611, 18.9323396534004, 19.515600292002, 16.5120936057375, 
23.0901482433303, 20.6450965390016, 22.14687084727, 23.66317367888, 
28.4111849622122, 23.7432050899829, 19.3880173245419, 25.5518793075338, 
20.3037952841949, 20.6441577413546, 29.7623957575369, 22.3812251944513, 
19.1695442308899, 19.7163960877244), dim = c(100L, 3L)),