list(MSE_matrix = structure(c(25.0130578523915, 26.6885668217724, 
35.9466505254675, 29.661516361455, 27.2796027097268, 27.4370102674146, 
37.4838291968879, 25.6311270040594, 20.0576776360926, 29.7698373667025, 
22.7021412592466, 33.8243652380854, 22.2806196327155, 22.6915717999173, 
25.5902438737043, 33.3829626223822, 26.6640170206713, 24.0905355955527, 
19.3207529538205, 34.2438643541521, 24.6482924253146, 30.3314668216833, 
28.0495010541719, 23.8944895066484, 19.6408009307626, 24.4032581801027, 
22.8812142799601, 19.975966143605, 25.7280049445888, 25.039781835473, 
24.8326287941293, 24.4234016720187, 23.9689294175524, 29.2440416535078, 
34.0956409597874, 42.8817413317619, 21.3127734742309, 21.819838911907, 
24.3524676471152, 21.7657346485045, 37.4117357302905, 26.5071365854099, 
25.0364237646894, 24.4796111859483, 25.1239069035285, 31.184365727933, 
21.7388683200475, 23.9901476945332, 32.9041001550456, 24.501324003579, 
26.1258568941383, 28.3363271829573, 26.880634994506, 61.8460168981949, 
28.7341157217222, 26.8343558664853, 24.5330994582719, 26.6910379192423, 
19.8482734996158, 25.77272795565, 25.6911581685546, 12.2241091247206, 
24.2067758332869, 19.2118521517358, 26.8926257787528, 23.2107166085429, 
22.7717540619007, 16.6321408774836, 22.7573794143719, 24.3184659599056, 
27.5307773469607, 25.7075440829806, 15.3206123977318, 30.8094832361315, 
25.6497100312293, 28.9405063362822, 19.6172430558473, 22.7350408735474, 
25.894683279173, 23.5036280629522, 24.6516981294143, 34.928913881672, 
25.8629237302505, 27.3679223799617, 19.8475451652344, 29.0862499573795, 
23.7752557215218, 27.0315528783272, 25.8396020747404, 23.3626047050677, 
26.7865543299175, 28.5600900894645, 29.8089597279219, 22.2021475367625, 
25.198462318733, 27.2507448635415, 23.6031026630031, 29.2435526338278, 
25.7227334562209, 22.9531115576444, 29.6752077802443, 31.669689808466, 
38.934560540983, 35.0757227401314, 32.8993590047702, 33.2198574774062, 
40.5416442510726, 28.9380795762765, 25.3593979311542, 35.4233224180631, 
29.8470703950577, 36.2882565082496, 30.6107561859222, 34.3107569709258, 
32.320457381148, 36.8204742371482, 33.1189155143675, 27.2009655077774, 
25.2452899485866, 39.0393536060609, 29.0110743392085, 35.1744232444081, 
29.6961208325018, 27.7439281092092, 27.2110745801857, 29.1004277151911, 
27.8376966771291, 24.3238395142767, 34.3470608575213, 28.0795355018222, 
29.0388695708424, 30.8844224549511, 29.0443385704778, 30.5815034894585, 
37.0106842659556, 44.0865096948175, 30.320510085705, 25.9780518158799, 
28.9393576978156, 24.4796434637251, 41.1212394493809, 33.5218285671317, 
28.566607963633, 24.317968838211, 30.7793228822761, 35.6923955081299, 
28.9393681225495, 26.5763868867425, 36.4921530565153, 30.7038971716054, 
29.7385339956945, 32.6932650385031, 29.2941485597037, 56.3268059755191, 
35.5391396272252, 32.8859291622128, 27.6931047850845, 30.6253199491881, 
27.2321664317476, 27.8769248221343, 31.0174882751413, 21.7749517048298, 
32.6351543464799, 25.6667999188039, 29.1151618990238, 31.5048060331639, 
29.3110323093449, 19.0728793062753, 28.0318456809741, 29.2880078338232, 
34.560380778434, 32.832518093135, 18.4736784986388, 33.702530515838, 
35.2937267252826, 32.934912024775, 22.4744777539783, 25.1369252493822, 
27.9438443469532, 29.6761966495774, 28.0700164573496, 37.4093839863349, 
29.7157005669006, 27.9609047713581, 23.7039457346513, 32.7018579793521, 
27.5126108901564, 39.2573238499158, 29.5337892141974, 31.0529204136167, 
35.5614549031346, 31.101817274813, 36.2371629749298, 24.6065581649012, 
31.7125255085464, 30.983211637477, 27.3006090249478, 32.243848942364, 
29.2574383052569, 30.0205903723397, 32.3870481175165, 35.20803398377, 
40.9785842786472, 39.3390660382504, 35.8708229976566, 35.8044563227645, 
42.308040128915, 31.8311581171308, 28.387387236506, 38.73890538934, 
33.9022764091907, 38.6163674746912, 35.5336750171283, 38.2709818013982, 
34.7841441838756, 38.5455040061798, 36.2313009975608, 30.9627956913508, 
27.4544561250274, 42.4106174764953, 31.9961916822933, 38.1529189586876, 
32.5302242799862, 29.3419852753613, 30.968692819383, 32.2655092680953, 
30.8182762337956, 28.5208190641762, 38.3530945349263, 29.7639312422777, 
32.4052053017433, 34.7188653785278, 31.3461577577487, 33.5907804843142, 
39.5572584831644, 46.0906214258546, 35.1141286241622, 28.7168056372134, 
32.9192180085482, 28.117565002823, 43.6523597947028, 37.6118976682925, 
31.6007160647885, 25.829101670861, 33.5152736620279, 38.9529223371625, 
34.7074148696032, 29.6806975719189, 39.262329284083, 34.5973182832076, 
32.3304548460576, 35.7269249506572, 31.8399646274703, 55.2813539076237, 
38.1774654241725, 36.5118094226785, 31.2152194384785, 34.8320552076654, 
30.8132293010791, 30.2289216863062, 34.1555404075868, 25.2521787185062, 
35.9737122099536, 29.4104980485197, 30.3266203127781, 36.1644340226085, 
32.0051165101287, 22.759129910557, 31.0191686156004, 32.6374464519258, 
38.8337191071837, 35.6583423950238, 21.3956150242114, 35.7392662765754, 
38.6723213219906, 34.9127178182246, 24.9827369199547, 28.2846086818145, 
31.6796792692067, 33.9208567068773, 31.2126678420013, 40.4026755443863, 
31.7227861718194, 30.8986234947966, 28.1211429571965, 36.5345869561651, 
30.7349327188161, 45.3099857653954, 32.8997765494165, 34.3964074470291, 
39.7684246424029, 35.9504297177549, 41.559665469452, 27.4863153715614, 
35.3655873992679, 35.8722663814065, 30.9656952078067, 34.7680243229776, 
33.1924636190734, 33.564958620821), dim = c(100L, 3L)),