list(MSE_matrix = structure(c(9.33045031410698, 12.1498087056626, 
8.69203074231342, 8.79386636059777, 8.52778264775771, 11.5542269951661, 
6.98727038246337, 9.83618545221872, 14.2474631981514, 10.5769596672246, 
8.26856762799628, 15.6861708624147, 11.5385090441809, 11.5754139969196, 
7.44273123493323, 6.84381298154098, 7.86281196296363, 12.0718499429317, 
16.9590694285627, 9.48230766171194, 13.1479948424723, 8.16580100559386, 
10.7711971974457, 13.0703406486335, 12.3785409717188, 10.3573360791201, 
12.539542555493, 15.9526876407919, 16.6594313275721, 9.65476778927079, 
9.2748667767283, 9.36330983420749, 10.4969052569355, 9.18627038163901, 
17.2654850577684, 11.223061045159, 8.83799637361828, 15.0844283227484, 
5.81052052859374, 13.4077675080499, 11.8222577572828, 16.8902513773427, 
6.39466193077918, 10.2308653611469, 8.88679997997103, 11.6360629559237, 
7.91553332601077, 13.1773405352234, 10.645380654985, 11.3892939473634, 
15.8833121357762, 9.86432779090841, 10.0639446833365, 10.829878307358, 
11.4411763865755, 12.7507564629838, 10.7182736689649, 11.3207074130178, 
15.3147637182662, 11.5982944355076, 13.0935635119547, 6.3876134818862, 
9.05500149342718, 10.9505277774524, 19.5379209499519, 17.4205618946868, 
15.749577908471, 8.70380847134537, 8.42983701980823, 7.92812296726988, 
7.5532024558823, 10.7219781842686, 18.4767406626466, 9.00252194122928, 
12.8278953531799, 11.5251691205098, 10.4406231673513, 9.10149495779069, 
9.70154760378796, 8.4404368331386, 11.6284062671392, 9.21185957310573, 
10.8201266889444, 8.75854548560486, 12.1925066102948, 6.48418426909577, 
12.4482772756762, 10.5555648779507, 12.6394405201533, 9.87486263548893, 
6.81215493702222, 10.3603834600773, 8.60574126086189, 10.5058516096966, 
14.3802519155903, 16.4643592407387, 13.4105775439945, 12.3768444603508, 
10.6766962731198, 9.23888870293141, 10.5693262603423, 12.4350842926368, 
9.80025866670039, 9.87191999326659, 8.87519134734415, 12.2477448222952, 
8.80793136429474, 10.6919140766194, 15.7323630869171, 11.0344986392939, 
8.49379884433401, 16.6874370426651, 12.4149157396539, 13.4204872094035, 
8.66072260480548, 8.28282325610276, 8.39088116067334, 11.8909945408311, 
17.2373334321866, 10.0485645308062, 14.036746304221, 9.52739642487425, 
11.2850277296696, 14.5194037420772, 12.3432167758502, 11.5047606758015, 
13.0800973018324, 16.0698681418611, 17.5284073412987, 9.92023478688844, 
10.3079899037143, 10.8707201808427, 11.2072419437778, 10.3026396505811, 
18.4559139559468, 11.7029348337312, 9.49213801247803, 15.8471133484823, 
7.17646671180051, 14.1037285541363, 11.2275945682202, 16.8025258461702, 
7.86953333859431, 10.7330191449357, 9.44269702046191, 12.7281999549027, 
9.07073034608675, 13.9938468853348, 10.4404466807611, 12.5309235629007, 
15.7947347828212, 11.621750644454, 10.3572114347869, 10.8325099073145, 
13.1404994348311, 12.6225695142864, 10.8240763722763, 12.0155606298024, 
14.7161440895635, 11.0312115872673, 14.418237857128, 8.10412670148724, 
9.36717915776656, 12.2321002471105, 20.1904899842693, 17.298900295502, 
16.7840830306187, 9.93553250509032, 8.56742317458823, 9.31100406080618, 
8.93373691515128, 10.976236577681, 17.4093516074691, 10.7268601570817, 
13.3977627559666, 12.9637328827817, 11.604735573192, 9.8016744141385, 
10.5707319396911, 8.96975846239129, 11.434549778832, 11.3154285082108, 
11.3014424727411, 9.93318017893039, 12.1008708210408, 7.60419894362454, 
13.608129897997, 11.6486704038881, 13.9582934264117, 10.645052614015, 
8.45105071203302, 10.4714593315755, 9.52623652600696, 11.3744658928906, 
15.6255936735896, 14.4815152005366, 13.7594585707658, 13.2438678243302, 
11.5912198639661, 10.4268024617354, 11.7612464612991, 13.8190784451898, 
12.1244253923106, 11.953250579607, 11.2013720658409, 13.0719389448808, 
11.1434370180549, 12.231682805022, 17.3704655338186, 12.5537960240693, 
10.2414156592441, 17.8748925386316, 12.9361774948577, 16.5018088499125, 
10.548504334857, 10.1109364085749, 9.92549503385663, 13.8707954945731, 
17.6628155553222, 12.2821544149663, 15.4934501847738, 11.9640681068606, 
12.5838445901421, 15.9217118781774, 13.2485709316913, 14.0836150494224, 
13.8954541068762, 17.313001460121, 18.7681810242971, 10.8820212635986, 
12.3605843506236, 12.1661030395967, 12.4630628559292, 12.2963269425751, 
19.458081662993, 12.2614363106287, 10.971119816967, 16.6746327439763, 
9.09486466375005, 15.3009026725483, 12.3325772280341, 17.5050745311879, 
11.1730771586666, 12.440408907904, 10.292332692461, 14.4812417650937, 
11.6286212358169, 15.197143625671, 11.9334573393168, 14.8317649855731, 
16.4645260489542, 13.4005602325186, 11.9064250081496, 11.8115392870335, 
15.7447829854863, 12.7568010068131, 11.6404229040605, 12.9466998026313, 
16.6676112571229, 11.3052118855311, 15.3256374671355, 10.7979702616826, 
11.319179839078, 13.9040745464057, 21.2293668091248, 18.3473943876983, 
17.3803466192357, 11.5380384791446, 9.67575503534128, 11.4014983261125, 
12.5927100018872, 12.1412708683184, 16.9094818134858, 12.4802345788661, 
13.9892835415747, 14.7733415032511, 13.4810225614071, 11.873968052149, 
12.1531617387414, 10.6919843057468, 11.8398291564699, 13.6928421610744, 
12.3182608305933, 11.8010171051687, 13.3628083473335, 8.91539457664771, 
15.5940073509555, 13.6777701065472, 14.9815162601335, 11.8050434525514, 
11.108185316562, 11.4089268470349, 11.0754144860604, 13.6311875165286, 
16.2022481895711, 15.0324018899593, 14.1372242727098, 14.3798491228241, 
12.6177168371449, 13.2585415330274), dim = c(100L, 3L)),