list(MSE_matrix = structure(c(9.33045031410664, 8.95745630171937, 
8.05515532727826, 11.3195801501982, 12.2672790879724, 7.61836025144103, 
7.21074258420919, 18.2768786805893, 11.7982371988345, 8.61063057134031, 
8.07538717583087, 8.26791545389339, 9.40694161735438, 11.3653155004661, 
10.7165745679121, 12.6688945979765, 7.89224926065089, 6.92152529219875, 
7.64547421796499, 15.6066869784675, 9.87613413791065, 11.0269954444127, 
12.6055462622435, 7.03832264983945, 12.518338731339, 16.319015613405, 
11.7617394447039, 6.35372832259702, 13.9852036679685, 7.59422728669479, 
8.9763334995481, 10.8711431082705, 7.4311567961619, 9.52723791301399, 
14.6371280714003, 11.1369244926454, 8.13246954981704, 13.961440946308, 
9.80265125911059, 10.3800616301853, 10.3894001968405, 15.8239157787137, 
9.39375298901951, 7.61236311853548, 9.45329840220405, 7.44914235687178, 
16.3765911141197, 6.76717545374031, 14.0693034498286, 8.43914869606472, 
7.16979734369641, 12.4665274901895, 10.8836598578742, 13.7338125793134, 
8.08337841941222, 13.0474367797732, 7.31239893713227, 9.73556637152211, 
8.4686523078055, 15.4260576106853, 8.45772739977531, 11.6385979965524, 
13.4897408747781, 18.1581651183388, 9.57474641800989, 8.36330142050105, 
8.32703715858977, 11.2908647612159, 11.366014313316, 10.8166639709731, 
12.4666236378388, 13.6075334208833, 7.25550996818875, 10.9175039107896, 
13.9369455512427, 9.49163113154739, 10.2879727681364, 13.0320768403237, 
13.9744955952061, 11.5369844235354, 8.75936285723351, 9.62095349369407, 
13.6620591193115, 6.57438860885327, 8.84711158463962, 15.9849757296266, 
11.9431848293437, 11.7320532460499, 10.915800827613, 8.80545856419847, 
10.1403428853242, 6.93462077844374, 20.6104765320854, 15.4667156971003, 
9.06457136965999, 9.47987080176032, 10.4151503582161, 7.58304901488698, 
10.7445425460983, 9.81258665026434, 11.8468671900803, 12.5229688936744, 
11.4844324464977, 12.1305443976481, 15.0599094849249, 11.5133717068317, 
9.97182094288541, 18.9727975171424, 12.3853141413266, 13.0886160999272, 
10.4194204726221, 11.0067131495361, 13.4713722719121, 11.6007730381808, 
13.3483756473137, 15.6320230614579, 10.2524893394506, 10.2371290979246, 
11.9726843704173, 15.3420665655063, 11.9947675889844, 12.6723860897549, 
14.8977975470038, 11.381096909479, 14.4336201376799, 18.8108721332257, 
14.3287983193128, 9.99486595373032, 14.9959452062689, 11.863921958359, 
12.2908082685516, 11.8904406534047, 10.8046232405129, 11.608546442498, 
16.0124602426159, 12.5523058118229, 10.9006068409246, 15.4695635272383, 
12.4096571877797, 12.3103983191136, 12.8344619077085, 16.7823271925541, 
13.2404128280291, 11.0062469142709, 12.6039390259832, 9.87685698878816, 
15.521144124658, 10.8228228363889, 14.6213126937189, 10.8298599369108, 
10.7677286526953, 16.1692456547308, 12.0061907078693, 15.6696486642766, 
9.36514931564593, 15.6658889427338, 9.8900986305984, 11.3944658522323, 
11.5197248725697, 15.7836709727443, 12.9264121438095, 13.6696622991679, 
17.106884252966, 18.0158245497276, 12.0193564480923, 11.3992071095766, 
10.6914591997988, 14.2338911687594, 15.0176974874296, 13.0153857443828, 
17.1203812377984, 12.7659473510359, 10.8642509421559, 12.7059999097587, 
16.4784416227855, 12.6331323332131, 13.7775936715714, 13.6448289805904, 
16.6953591922355, 11.8366065825113, 11.188416991878, 12.0415855638587, 
15.2256632751123, 9.02806817005759, 11.5486773254931, 16.4965809205777, 
12.7752073988327, 13.902711508802, 13.472550085614, 11.1401352533813, 
13.5937461646845, 10.1998609158848, 19.1861181310072, 16.3830184832484, 
12.1976429214225, 11.3227437187439, 12.6803091969889, 9.64342824305618, 
10.9284561206321, 12.4636001882605, 12.9819027104691, 14.3714693736494, 
12.7053513124414, 13.1377848166359, 16.1792789747351, 13.233312937164, 
11.5532454705917, 19.5876906726111, 14.1583949983662, 15.6819633648365, 
12.6017509250789, 13.1121970793733, 15.4987349249203, 13.3398242387089, 
14.606268488974, 17.087113963193, 11.8342244962052, 12.6174286386097, 
13.8403275688873, 16.4918512444202, 13.7927283480906, 13.6947981580174, 
15.8974168910623, 13.7131228860027, 15.9439170335738, 20.2228913219808, 
15.6431818401424, 12.0972575012133, 16.0807978324901, 13.5432931243965, 
13.8424423736737, 13.3819049734825, 12.2164052507893, 13.0467409978865, 
16.9481070542673, 13.9992451231984, 12.6555590519392, 16.9529329264528, 
13.6722706879195, 13.6539247066282, 14.6040581198101, 17.6799877048349, 
15.5258213800781, 12.9192723436493, 14.7081891357168, 11.4344176486501, 
16.3231169196223, 12.7317064500646, 16.1643761882588, 12.2978643760359, 
12.4369841480782, 17.6716503782133, 13.6015578995908, 16.6467073336105, 
11.2725480025628, 16.9866909933658, 12.2366171987205, 13.1349404593333, 
13.1638406532347, 17.0555519832877, 15.1226799734148, 15.2093777084849, 
18.1820421513365, 18.4485761502582, 13.3701995007566, 13.0712176874156, 
12.502701165317, 15.1979060902322, 16.3979639707077, 14.6825723574783, 
18.7812110027409, 13.4510616626039, 12.3012787122759, 14.1373039072122, 
17.8211013835501, 14.2690197117457, 15.4822048011291, 15.1761068257714, 
17.7821871278008, 13.1764979267771, 13.0109343670761, 13.7337792027869, 
16.594373073623, 10.9582438306362, 13.5661843518775, 17.1760551267125, 
13.8539466052487, 15.1690001137563, 14.9449106173154, 12.5065842040298, 
15.419611604673, 11.6068064078895, 19.8020698627127, 17.1635805184188, 
14.2190442905536, 12.538054218765, 13.9850405160841, 11.2010828893037, 
12.3370088284426, 13.9446189780871), .Dim = c(100L, 3L)),