list(MSE_matrix = structure(c(9.33045031410664, 13.5626591684329, 
13.8856735533738, 8.23892608852205, 14.7316217039729, 11.4941724504604, 
9.56488201872993, 14.1550806826474, 8.80825244607625, 10.0136445511547, 
10.0336412308179, 16.7719490251665, 14.0512706040542, 14.1088369351051, 
8.56881953088558, 11.8986634067551, 7.46877515125839, 9.15859719516492, 
8.92756658284511, 12.5957638669302, 10.1179478629905, 13.5101672035064, 
11.0676476026352, 7.66530927312862, 10.6790065902687, 10.680944092617, 
10.5973294676139, 8.30358941514071, 9.99502643866037, 12.5877570519723, 
17.1225516874098, 7.71563173873095, 12.8740870052575, 15.3892086180365, 
9.08573690331073, 8.26089149341469, 6.06639858190759, 15.6119598769007, 
14.3858785343165, 12.41174434366, 14.1769360790274, 9.07158833211172, 
10.6530308810427, 9.19152680257758, 9.84700866417976, 15.8983734196702, 
13.6490094568207, 17.7403505171581, 10.4119408955134, 12.6197513396535, 
9.65787220267079, 9.89697980406886, 12.1441694014492, 14.2787202299383, 
7.92005130011763, 15.8786725464224, 6.13317468637658, 6.14152434705719, 
9.71964829326676, 18.6653128931057, 6.98296682993611, 9.00936703247197, 
8.85537005167151, 7.8542545645838, 9.37441504057055, 8.65116901047672, 
13.7823264279148, 16.7379559625242, 11.6483122654727, 10.4332898427577, 
9.91681294880309, 16.4951576884117, 12.0826563127448, 9.30926407348394, 
8.17298899708561, 9.83541287277616, 7.80059895043184, 15.5952264723794, 
10.5065435335902, 6.18937363909549, 9.83821011071423, 8.29613658350911, 
11.1837190613856, 7.52645563467804, 8.55230118049566, 8.28578308542788, 
14.9922385367532, 16.5569586252376, 10.1906540263046, 14.2894523569037, 
11.5635196482734, 8.4047304085244, 10.2947862740709, 10.9583253740868, 
10.7573595544568, 16.8619863092768, 14.6279698546558, 9.30837825198425, 
10.4634528364379, 16.3581259604985, 9.53268538751251, 13.3807851722842, 
13.9486194659309, 8.43274993273994, 14.2608429594946, 11.2959224970191, 
9.4161569839109, 13.9962407162677, 8.81705979705333, 9.97724273192275, 
9.99658846709491, 15.5121898879268, 14.540649377577, 14.2378120190807, 
8.97326183781338, 12.2666698547322, 7.40840356948171, 9.08328511151255, 
9.27439876457099, 12.6412204023673, 10.6574653660748, 13.410378992847, 
11.7384489573417, 7.79890066748926, 10.8362975269666, 10.7869767260273, 
10.5517715052959, 8.07988609884782, 10.0874074435394, 12.3420244523031, 
16.7726720319267, 8.00121249628792, 12.9067401602301, 14.8310131248919, 
9.08853030072018, 8.10733855245498, 6.26965800119409, 15.87780832916, 
14.7988248210132, 12.2377016695542, 14.0604210271675, 9.26041249562472, 
10.5256629683944, 9.18113463672013, 10.2444135267137, 16.2531121576218, 
13.195632274635, 16.7425442654271, 10.5602238953017, 12.7688889438747, 
9.71581773298156, 10.2249701593199, 12.4771304396322, 14.2825343896249, 
7.78230444667219, 15.7796907961161, 6.31931462474923, 6.17491397552645, 
9.37852572073975, 18.0252272567496, 7.10982514247961, 9.11736694853857, 
8.8269115471659, 7.72893195200493, 9.44465023993855, 8.94799630356716, 
13.7632739489767, 16.3349399800301, 11.7992135906461, 10.7504826932776, 
9.96072542552516, 16.445046567694, 11.7903524780694, 9.82448768845628, 
8.3312073070586, 10.1365174624283, 8.05612996500792, 15.5254063058898, 
10.6102976192235, 6.39469896060069, 9.84823401679746, 8.09407538664675, 
11.3577645128505, 7.63995004449897, 9.021517129327, 8.32919526920494, 
15.1820636019386, 16.3822213157976, 10.4489470840448, 13.6245712792592, 
11.1655820542791, 8.22714913619466, 10.8169949863451, 10.8772811559449, 
10.7975671450624, 16.9469714129966, 14.5698452847907, 9.52051046670038, 
10.4427785299412, 15.3474794487915, 10.7826378048318, 13.2925287853173, 
15.2081561269022, 10.9708449252494, 14.1133308654351, 12.1503190905324, 
10.6805267144314, 14.3040221128204, 10.7132464477085, 11.1006496767421, 
11.0208376850317, 13.5762290239268, 16.4704678352006, 15.403967292981, 
10.8645241730606, 13.9846995122492, 9.47300468424388, 10.3749111985739, 
11.3507823642589, 13.7301731062303, 12.7386232042031, 14.31359354511, 
14.1549357036156, 9.32885220931154, 12.16801138678, 12.2827686067859, 
11.615110263458, 8.47865877061249, 11.4140141767464, 13.690664420159, 
17.1249596714585, 10.1853298893975, 14.2303401487635, 14.484719063172, 
9.97876175623469, 9.5128081100692, 8.06711361019055, 17.3013265491038, 
16.6108626814366, 13.6716445028682, 14.5292568788066, 11.1212575151678, 
11.7688067255016, 10.4121727826681, 11.9426606962511, 17.6246612605317, 
13.2846628517763, 16.4466738547099, 12.2403060448882, 13.8893815835091, 
11.2590881859085, 12.1638916405959, 14.282967972889, 15.1868816999075, 
9.10006846317647, 16.8282700735967, 8.12037457034887, 8.63601919503596, 
9.93221939606837, 16.6544521497322, 9.01038492467803, 10.9722903615073, 
9.97490749946294, 8.69484698359627, 10.5569748472436, 10.7543136218345, 
15.2121207913186, 15.9941897183346, 13.1194228016897, 12.4251022960974, 
11.2816714599207, 17.2016294620118, 12.0964757564006, 12.2124411623315, 
9.70595823242303, 11.8188089169286, 9.28147735762506, 15.3537063861267, 
11.8944513235232, 8.02351467026713, 10.457584005603, 9.30556162154733, 
12.7064270400595, 9.09344784875071, 11.2526610369944, 9.93317110505308, 
15.781574166198, 16.4053943028171, 12.8469335394362, 13.5904795056133, 
12.2805979514883, 9.46227443566523, 13.1115352605417, 11.5548221830298, 
12.0559636461856, 17.9686763987921, 15.046141418873, 11.0015054451285, 
11.3519128659898, 13.4599566716789), .Dim = c(100L, 3L)),