list(MSE_matrix = structure(c(25.0130578523915, 24.9564068794879, 
16.0608521533329, 23.5341462729053, 28.9884458585261, 30.988142900299, 
29.2430734158843, 34.6384071253025, 17.8868354104855, 32.5932005736856, 
29.6010103340773, 24.7851870093472, 30.2723272491161, 25.9251315791867, 
23.0520439233059, 24.5209093622766, 22.6447344207963, 27.0760717992256, 
21.9127994925208, 29.2179782964497, 24.6035548756207, 24.4056200988163, 
33.7249342051206, 32.678655114055, 23.0048350546428, 23.3622995760011, 
36.9697383590672, 20.3073816774586, 23.2374816638295, 24.7611096641484, 
29.2331060076935, 32.4257431371866, 19.5062085975368, 21.4585100177303, 
25.6260617420407, 28.2274703543038, 25.0644869788763, 32.3135465427207, 
35.715379872653, 27.2193817110018, 27.7220356462383, 22.2009399394383, 
40.4390932820567, 23.3075481178967, 22.2886305111466, 27.2339399129603, 
17.3720571077701, 31.5753078217327, 34.5534656333401, 20.7788676919899, 
26.3185655371255, 22.2309034858757, 24.2243676691993, 31.0594550896271, 
21.1593072614073, 23.888209434687, 28.9033228886024, 28.2024173705191, 
27.9232202521705, 25.5458494898405, 25.97145673349, 22.2636439486372, 
29.2666133837306, 26.547229248605, 38.4928574181588, 27.6728193118844, 
29.2730098632509, 29.5205469898737, 27.7489489563039, 35.6120316123944, 
23.281837779935, 26.4315270532832, 27.1065760868666, 11.5340193291616, 
23.9243118478437, 30.9981919547244, 25.349386049431, 21.2784797960195, 
22.6425017853454, 31.9658451587435, 24.920677171724, 33.1276758696865, 
38.5148446428946, 18.201867844814, 20.2391084925676, 26.2800678969128, 
32.9551468148997, 29.4047871786268, 23.0137321272143, 18.7692878503528, 
25.2017149289479, 29.5476180595938, 24.0167050116876, 26.8358272383305, 
19.0797838572834, 26.0316373102879, 27.8705802506831, 27.0638972386744, 
42.6947814959851, 25.0000268056999, 25.9794067440657, 24.8485715753272, 
16.3919260645477, 24.1682717913816, 28.0033060759205, 30.5107138804799, 
27.4797216533584, 34.6255281730443, 18.3505851492851, 33.2085048267985, 
30.4189949063193, 25.5383134190962, 30.1748708669944, 25.8686029986387, 
23.2539434794729, 24.3951879035202, 23.5723537331812, 27.9906395133982, 
23.0650536509771, 29.2940410421681, 24.7527443469514, 24.4766381179625, 
33.7898452431297, 33.0704412249379, 23.3619225219325, 23.7461472503245, 
37.1863384630773, 20.548512119163, 23.4566272443374, 24.570285677882, 
29.8437851544646, 31.6257121244207, 19.9513005692964, 21.7343662702006, 
26.1209572478386, 28.459885682396, 25.5887419094188, 31.7685758364053, 
35.9307657499695, 27.2106119396873, 28.3535207882287, 23.2413329650679, 
40.469440791993, 23.6016045499833, 21.6979772670838, 27.6417030553203, 
17.7906781538612, 32.7270946601364, 34.6075386623465, 21.0375278465503, 
26.3567128821339, 22.376202642205, 23.4091213371129, 31.3134892406684, 
21.4819903156415, 23.8519884284453, 29.062014624381, 28.4974829530466, 
28.4801725771747, 26.0035163224908, 26.9372891752894, 21.8980366452584, 
29.5192405334996, 26.7443865454015, 39.0412772940533, 27.7118219396534, 
29.8669393228024, 27.7959028477398, 27.8049329041171, 35.6846587122647, 
23.3550365502643, 26.9285291397357, 27.2955527032933, 12.4306014026172, 
24.7861885671679, 31.595060538893, 25.6294302266549, 21.5875554340405, 
22.6303958050385, 31.9911233652439, 25.5755452198828, 33.5913666703478, 
39.3650462443824, 18.3540716099376, 20.2179817315128, 26.2616982168021, 
33.4607522131736, 29.529694435423, 23.0465618674328, 19.0345059111035, 
25.4991241935914, 30.1726210619546, 24.6425135655323, 27.7389727653168, 
19.8319874919799, 25.581102283838, 27.8066496346391, 26.203174347818, 
41.1776262369611, 25.3685286876987, 26.7455686864458, 27.1962167110854, 
20.7784761013734, 28.6530398115556, 28.7528226844571, 33.0067309000446, 
28.7136699147114, 36.1854610194001, 23.1562391477097, 35.5312836336412, 
34.0082659911454, 29.2911078824559, 32.8991089894335, 27.4779100813791, 
26.0392816469886, 25.6911510013721, 26.8066290813467, 31.9481593697097, 
28.5382518504515, 31.2349274650347, 28.4994539334451, 27.5400876104912, 
35.0117271517684, 36.3713289811895, 27.1110506246822, 26.0240117242629, 
39.9049484821104, 23.4020163566459, 25.6942457228146, 26.2133218399366, 
32.4720459365181, 31.9491619515244, 23.2575046662479, 23.8983138104059, 
27.9135144613496, 31.3467771542896, 28.8037258013523, 33.8272189365729, 
38.5629821453895, 28.6306829223602, 30.0798751436754, 27.8722676035049, 
44.1634125794147, 26.4678910961104, 23.5695560995828, 30.1460503266772, 
20.8849612012639, 36.8151115219975, 38.0995745963784, 24.3509818207332, 
26.8437741259678, 23.3063149951256, 23.2135502681019, 31.9569730940665, 
22.7160893481182, 26.2017054597142, 31.6132919274436, 30.0825129167266, 
30.2296014558885, 28.6902599078008, 32.0948761208433, 24.1158944300779, 
32.8657803204635, 30.6675273399316, 41.0874538986532, 31.7059461371724, 
33.1995919960948, 28.5052188600628, 29.8664620288516, 37.406390218664, 
26.0917502053843, 29.801326902248, 30.5397422277674, 17.464694323712, 
28.0420822057359, 34.4571486552059, 29.1169127532442, 23.7575718183771, 
26.035905776815, 34.6146360092301, 29.1686770118009, 36.9212259886434, 
43.3896866053195, 21.4932021205647, 21.8487416054351, 29.3007661484972, 
36.2388346204263, 30.908724537095, 24.04768596903, 23.4065148972609, 
27.2996897382605, 34.194121086562, 29.1971537147729, 31.9576411537398, 
23.8725721205871, 26.2242945269494, 27.9065765904454, 26.890334571245, 
40.5356660054008, 28.4788516307703), dim = c(100L, 3L)),