list(MSE_matrix = structure(c(9.33045031410664, 14.2480828458839, 
10.7574939641597, 10.0446412441177, 8.72991628122832, 14.3493965747582, 
7.08565291527756, 8.42790995308416, 7.95087616349454, 13.5184986471907, 
16.7288194648058, 8.81129583392237, 10.4266087265837, 9.75737431086825, 
7.92758121068993, 7.94815712969083, 10.2600276011424, 6.9207386866045, 
8.1617676947937, 10.3263369800957, 17.1951055726545, 11.4494043247171, 
6.98792015592987, 8.29369559369085, 8.70605685890352, 12.6369094958721, 
11.0162661858507, 7.54317096530475, 14.2356244862187, 18.9156018660294, 
8.90089959351764, 12.3561751098954, 14.0380104695203, 8.24203721807113, 
9.99408547331918, 10.0709706599825, 9.30661919476306, 10.6248340748179, 
11.1942731667157, 14.5441017790194, 16.8700896948859, 6.08380576681058, 
10.2126141511787, 11.6418539875866, 9.05541560034144, 11.9159228205873, 
9.89392872003313, 12.3653138230997, 9.83832245713952, 17.6384579136456, 
9.98476638415395, 10.526246353279, 6.7977998524526, 11.0062701899445, 
7.82487689075707, 12.6258504265843, 13.2889224472654, 18.6427264081811, 
10.9882226316708, 9.9976040381676, 11.2869099702729, 9.22844130307566, 
6.40442100630489, 15.3065589047336, 10.4827113046097, 6.90094336385894, 
8.95120138434166, 13.9934433447447, 10.469972585272, 10.9538842954891, 
8.96686586730698, 12.8895115507892, 15.1281780079696, 8.97534337514233, 
7.77541042384235, 9.892199246188, 10.9810669872414, 9.20052639184174, 
9.16438454498248, 9.62997797890167, 6.56221188582388, 10.5270400319743, 
19.0014724319653, 9.60557903269551, 13.4965758318784, 7.27831982376461, 
15.3462278265912, 8.30116346129121, 7.79998296813713, 6.84399811062795, 
10.1291339625558, 10.0877837650281, 12.4941305722991, 9.08857970912392, 
11.2447306870569, 11.070226810842, 7.50350275315465, 8.79766268067326, 
11.3974641364146, 13.8148390655959, 10.3884215510536, 14.7705314926326, 
11.180793760216, 11.5916605729123, 9.38315540421016, 14.9170125915348, 
9.15178244705277, 9.80682090458288, 8.83370857993171, 13.5313402848202, 
15.5058055092354, 10.3649784626474, 11.0813767213791, 11.5238404024022, 
9.08240491526763, 10.3610065516528, 11.3129591753796, 8.32862582180629, 
8.79771188738776, 11.3933526981303, 16.1919341566836, 11.8823404637613, 
8.02062497653376, 9.25174238366482, 9.83282000502553, 10.7001328449321, 
12.0415247468253, 8.66225226077834, 15.9776432498564, 18.9629714922863, 
9.53869085973494, 13.6339170943108, 13.2788036425711, 8.83162025643635, 
11.2314258184684, 11.0679807406506, 9.79015295311624, 11.1825047086069, 
10.5329392111381, 13.7818998646268, 17.4868979448944, 7.01674298627294, 
10.5261302218328, 12.5364535849811, 9.79422854475217, 12.9499474463264, 
11.3217572812436, 12.9348988901373, 10.7523347067345, 17.0270006854555, 
11.0282459269135, 11.9926870586274, 7.21965115702467, 12.0543743816864, 
10.2047807226814, 12.8077311242834, 14.1750321933038, 17.7772501588709, 
11.8069156491647, 9.51895607965846, 11.4900466165472, 8.99606242628225, 
7.4318384103478, 15.592662288356, 10.4824156800158, 9.06532916215083, 
9.85068958127169, 14.0455793015441, 11.3181591336674, 11.1787246484845, 
8.46587007099779, 12.4717556584717, 15.4189617512755, 9.51582671218926, 
8.80732442423895, 11.8005318200532, 11.9147070961631, 9.66687840992075, 
9.45157943416973, 10.9937939741422, 7.85820014691041, 10.5822573315309, 
18.8517626439754, 10.3603865985254, 13.025877442296, 8.6541490959125, 
15.8465736375245, 10.7643503359922, 8.53800859059841, 8.26249506341373, 
10.8021619016108, 11.4404389711136, 13.9675429617042, 10.6884862986116, 
12.3716784155446, 12.2830791718999, 8.21332940058767, 9.10240784102535, 
10.9008342048747, 14.474872261906, 11.4418264040628, 15.9010448662089, 
12.4537417480251, 13.2440196301806, 10.7910910078512, 16.6484981897509, 
11.4306275325194, 11.7972215552465, 10.1963790337021, 15.1370543642389, 
15.5739450435728, 12.1810679147242, 12.4956426775699, 13.9796108238266, 
11.1075408288026, 12.7361976571016, 13.1845992797792, 10.491610669698, 
10.2073820624709, 12.9226399243918, 16.2920843750935, 12.7826027183663, 
10.1464417354281, 11.1562146220882, 12.3640858890845, 11.1387781925662, 
13.8330863905955, 10.5402062925016, 17.7562465268581, 19.6597879333986, 
10.6338592163376, 15.0152876950533, 13.4277685521644, 10.4705090928287, 
13.0199831035207, 12.8414462494986, 11.3453618315509, 12.3691646988056, 
11.2289187727825, 13.883075440164, 18.463600283551, 8.75054675624244, 
11.9410931721052, 14.0763995696134, 10.7806002247791, 15.2443297447796, 
13.3090207621118, 14.1928999853134, 12.0484773471244, 17.9396413868706, 
12.6675428298451, 13.9543127724583, 8.76290602068245, 13.7305403461167, 
12.2501433267096, 15.2971904703856, 15.5031401945616, 17.7999969103978, 
13.3785391809329, 10.3163044045151, 12.9619603891537, 10.3522614456518, 
8.98513832073397, 16.3504753210342, 11.2615943218365, 11.38354488849, 
11.4670732686403, 15.3465472032523, 12.7760501256706, 12.8928864951775, 
9.80235021184045, 12.9948072026617, 15.7616789253205, 11.0985665518846, 
11.3189182879807, 13.543295682829, 13.175558139494, 11.6329767558964, 
11.2869082957602, 12.598362558193, 9.94862077303141, 12.570070339589, 
19.6421149296185, 11.8037791708612, 13.4357437331741, 10.9097683526658, 
16.8966246650969, 12.9193306216095, 10.1336568165014, 10.446126916337, 
12.1179033870672, 13.505747265324, 15.1424098815696, 12.596906762515, 
13.7676805901853, 13.5251716467937, 9.68598628498965, 10.8089331231284, 
12.3053614327685, 15.8053495196626), .Dim = c(100L, 3L)),