list(MSE_matrix = structure(c(11.4616665879705, 16.8196938010149, 
16.3457733849404, 9.42220014285639, 15.4663569485144, 10.1779059257321, 
15.5202860053805, 18.0505291935019, 18.1492223845247, 11.1403776652959, 
16.662918579382, 15.9205128339663, 17.1174748440914, 15.6795938678373, 
10.0348860966935, 18.1363766377631, 14.8292780965573, 21.4939703206393, 
11.991504611998, 11.6834182741211, 10.3679799903065, 14.8702211631331, 
12.7139385852314, 15.1929664356359, 16.1471301527345, 15.6307709003255, 
21.7998599796869, 12.954960579996, 12.3414492793113, 10.3961323676815, 
18.481811311837, 10.4331632005928, 12.6713840978172, 14.793088190289, 
10.9661785263201, 12.2983757652612, 12.4578053269791, 15.387459152373, 
14.7543429487425, 12.8951307595273, 10.4134765198656, 20.6668795092983, 
12.0140668712584, 14.9871920719607, 13.2463436702836, 10.0544748126339, 
16.0770709950975, 20.1776470332116, 15.1392825539396, 12.9510876819872, 
14.0002874921703, 11.7200021502805, 16.6028918169956, 10.1691585589626, 
19.2163073056422, 12.2703780376861, 14.3297846244327, 16.1129595190042, 
18.3862037813047, 13.7092197359474, 8.34580923319933, 17.7757511435447, 
7.63979206789643, 13.6989625403523, 15.5946810251099, 9.19123296792545, 
12.0469355865097, 15.5246328575696, 12.6386160651522, 8.05014015569894, 
12.8040949223647, 23.262318889518, 9.34283574179945, 10.8682812554487, 
13.5169271093651, 17.1420725149071, 12.4498745942106, 20.1185516122282, 
14.7993385724217, 17.420120036365, 13.0645998853024, 14.3082541720673, 
13.2738263152193, 13.8193670520375, 15.8951374300695, 13.6409061955211, 
14.7980151272687, 8.81398366313908, 17.8871756659511, 14.4550843284772, 
9.69185722341458, 18.957438744059, 9.40610153771084, 13.0817799625406, 
17.2344231381654, 17.9292286134345, 15.7355375980227, 13.6210774047081, 
12.8728825776236, 16.364454896252, 12.5379018280048, 17.275503150524, 
16.5090048445045, 11.5950123397356, 15.4506400014205, 10.4428373696444, 
16.4263919099338, 17.788993584395, 17.1640292640423, 11.6911136007024, 
17.5770761138831, 17.5808764592292, 17.2550392182101, 15.8156057391067, 
11.0222304720984, 18.4314129470288, 15.4615648851172, 21.898756885077, 
12.8546054055847, 12.9444528426122, 12.0658621628198, 14.2887945140167, 
14.8204032504629, 13.8612530018036, 17.6835439605641, 13.8978949787759, 
22.5461936452965, 14.0410928127622, 13.5058380814689, 11.9369636589543, 
18.4695613712362, 11.5125596607282, 12.5036744832293, 16.5899381624641, 
12.3285091891348, 13.8466073569862, 12.6206790545644, 14.330552265051, 
15.4496852576108, 14.471691157364, 12.7096035966528, 21.8678479023203, 
13.0520423942108, 16.9164161512422, 12.7999273207094, 12.7540583054323, 
16.8328737632682, 20.6302808520856, 15.46176659486, 14.126179386057, 
14.6619132467811, 12.3954945943182, 18.5120562217176, 12.7648469582642, 
18.6947945575542, 14.1438760140832, 15.735595318665, 16.4178107479958, 
17.205491297612, 15.8615347836634, 10.3897131375477, 18.8891960596706, 
9.06187798505417, 13.7756829965719, 15.986887995136, 10.6460255478717, 
12.1192253290529, 17.1786317946217, 13.3732575165001, 10.0855853641877, 
12.6597417783236, 22.5905857795384, 11.0302009593548, 11.686534809714, 
14.0165055415801, 17.5346994487104, 13.8660136204264, 18.2624731365029, 
13.8974537439357, 17.6886539189565, 13.6856267796722, 15.6647268956724, 
13.2106532570083, 14.484721329965, 14.6944675896278, 14.0374803105308, 
16.2806719199242, 10.276140718009, 19.2240448545834, 14.4944810609005, 
10.7520796202351, 17.3531073631286, 11.1785602874082, 14.3557206886308, 
17.8249617098827, 19.5209435325524, 16.6001992605063, 14.2285956571264, 
13.4868169598502, 17.7784934893405, 13.6439160486586, 18.2861918106243, 
17.7760219670348, 13.8328264965713, 16.7615755432182, 12.2809538028867, 
18.5920772309034, 18.1088531120459, 17.3246962623882, 13.085232291345, 
18.6244930051078, 19.5545222004859, 18.3684653753978, 16.7913466868207, 
12.1823566912788, 19.5178832838232, 16.9328054868775, 22.7489259672276, 
15.1461005685357, 15.8172529041166, 15.0482246302076, 15.0384147058761, 
17.4536190813858, 14.253991598208, 19.3087224954655, 13.6693171242402, 
24.6276392580365, 16.2555464125644, 15.4171058931162, 13.9451600558242, 
19.3082888188815, 13.6418097500236, 13.57085811401, 18.8580357359067, 
15.1037210816858, 15.5403780481382, 14.3161361714057, 15.5227441903743, 
16.6672252710274, 16.3508858592081, 14.6759877593096, 23.3364478209034, 
15.1711387434869, 18.5209919113374, 13.5822661468062, 14.6836438235303, 
17.9731715566115, 21.8007964617934, 16.393262090804, 15.1837131475042, 
16.285716125553, 14.3768627110805, 20.4641176655651, 15.1074923140779, 
19.1840098524997, 16.1277337691322, 17.3487017113044, 17.3680171941217, 
18.7605251337378, 17.8220523676112, 13.1359611235018, 20.3999120980966, 
11.3466173703647, 14.3227493694688, 17.8778234448724, 12.0456678697958, 
13.6191458343475, 19.1989365943023, 15.4526962887154, 13.3128941409434, 
15.2306146611127, 23.7747546346566, 13.8044753589083, 13.5251301641154, 
14.8000199606046, 18.5654614276561, 15.7214299372488, 18.9322192676627, 
15.8917719861466, 18.6662266333536, 15.4648535331242, 17.7837536392467, 
14.5643470156481, 16.080693463115, 15.7890490759074, 15.101795389029, 
17.8067670478587, 12.4320705765054, 20.424136254989, 15.7842497660444, 
13.0430182103878, 17.7440729926694, 13.497835270995, 16.7104428206593, 
20.1497096064941, 20.8604411926628, 18.3554265819564, 15.7036639929785, 
15.2907710810597, 20.1126361666864), dim = c(100L, 3L)),