list(MSE_matrix = structure(c(25.0130578523917, 26.9395598456817, 
25.4575715211487, 31.2592332051321, 20.6937050506448, 29.0612891167346, 
26.9160098639765, 15.1317834237803, 26.8403006385585, 28.7280117052592, 
36.3948835779147, 30.2569404349857, 34.8458707121965, 27.6938544658606, 
26.6815147667174, 12.0470180553829, 17.7839703315666, 35.0341565240352, 
18.5755954842404, 32.4538078017543, 26.3506453226023, 25.8920778426163, 
20.3604756861631, 23.6999731539434, 26.5814563900501, 33.5238381809771, 
26.2626444839104, 22.0420485810281, 20.3065719574043, 33.9514814582568, 
24.5761774790357, 30.5148319598112, 29.8575425683933, 31.935289905469, 
34.8673176982806, 30.5505160509433, 23.895110995634, 29.6175077514582, 
22.690239968425, 24.0784287375315, 27.186698209618, 14.2848606569601, 
24.2454452882942, 26.4620051553494, 21.4792610601788, 19.2855919467501, 
30.9025414400352, 24.4539561542295, 29.4761127200797, 20.7802017455558, 
22.4322330078391, 23.8574131196452, 13.0788895654375, 27.569194284281, 
39.3132425550093, 27.671431021847, 30.0490903720731, 27.4520486024542, 
18.4594170403697, 34.4809798850825, 25.5672521492545, 32.9974288833519, 
23.8166070726545, 21.0928075796683, 30.2145668578677, 26.3431142316296, 
27.7464253096017, 32.2914119174975, 32.2315013893981, 22.1121339451627, 
23.8624316421618, 24.9282483094667, 24.245625802646, 28.2362732551167, 
24.1676606640688, 27.1565321553355, 26.2421993629708, 20.2430517617151, 
29.8945219972739, 33.0820627147782, 25.9223871947689, 21.4785731748258, 
37.4108822655192, 21.4326491903728, 17.5904540893542, 30.8971253047686, 
26.4602337996573, 22.4854894497625, 26.6256703085937, 21.9740364337498, 
13.7246162347364, 34.5398089371912, 21.0521026508808, 19.2741067434277, 
25.8313496299381, 22.3460490596065, 18.7018786987697, 19.9696830801199, 
26.7586618743719, 29.0199616258847, 26.0507190211953, 28.5042112123979, 
26.807759894211, 33.4476985735787, 21.8073867260589, 31.1676375169217, 
28.9304615662341, 17.8389710517897, 28.7885734161597, 26.5504415302447, 
38.2483581341515, 28.4680818345343, 38.6492457690029, 30.55403766501, 
27.4206663126105, 14.7664415769278, 19.4488156063488, 35.6034046197537, 
19.8374533353448, 32.7323443227136, 27.2232104643818, 27.6173688256434, 
21.434200640734, 24.9130368949041, 26.7475775162464, 35.0585855868101, 
28.4949256644556, 22.7939127137943, 25.4018679954348, 34.8537653569374, 
26.6033095889169, 32.0157772214955, 32.6028111271301, 32.5151142992926, 
36.8182775853932, 31.4022120941046, 25.6920952973992, 32.466138931596, 
24.0692940901675, 24.7341545126996, 29.1568886013927, 18.5059264733913, 
25.4557294341976, 24.662989029305, 22.1569130131921, 21.934420170847, 
31.9858612452631, 25.554753087892, 28.0937532956453, 24.030350131957, 
24.1548003440777, 26.3166275288544, 14.170190692327, 29.0405627414168, 
39.9882758620576, 29.80307987353, 32.8381917123534, 28.6892017501371, 
20.3137361422251, 37.3285201462732, 26.2491896951719, 33.6760400448694, 
24.0404556865911, 23.0352135440562, 29.3895630270101, 27.4414101659446, 
30.3750477138676, 35.0963349137823, 31.6069628903242, 24.7325414456781, 
26.0413025331171, 26.2896748582075, 27.4852100532847, 28.1007926236857, 
26.909354242282, 30.0622007836568, 29.3128713198905, 21.3511412978003, 
31.6870355752077, 32.8158114384479, 25.7132504336745, 21.6628499032641, 
36.9301013310594, 22.7979343598149, 17.860769246272, 32.7727665085029, 
29.9177952821923, 26.1863767973622, 28.4915934749248, 24.5874079958508, 
15.6320903587376, 37.4485621172006, 22.2846239938244, 21.0645597937778, 
26.6541359738288, 23.6224374370489, 21.4993476932281, 22.1398138184015, 
28.0866163124099, 31.5650354395662, 29.3776600466929, 31.1183902054952, 
29.5188850537236, 37.3015377145653, 24.8685747048392, 33.9456611314922, 
33.071691011198, 22.6021983641558, 31.2806674152932, 29.6526000388105, 
40.5218942453894, 29.8352535393168, 42.7576835758086, 33.7962518606081, 
29.3046471355126, 19.695206264601, 23.4620015316201, 37.3502720562778, 
23.0402364700752, 35.0930922143556, 29.3309811888597, 31.3126734959028, 
24.0859833321827, 27.3883947376111, 28.4992357575949, 38.3385562552247, 
31.1965443113716, 25.556284559487, 30.4867953301148, 37.3975165694638, 
30.7026672950171, 34.267044172247, 36.3183931019617, 34.1455643345327, 
39.5429836673507, 33.1642585224134, 28.3120258280063, 37.4561005495882, 
26.7024666957457, 27.70241587902, 32.9739522891228, 24.5493753384441, 
29.0999338503195, 25.9014848817071, 24.0276965661687, 26.3829825498327, 
34.194258226603, 28.5592806917196, 29.8159866804764, 27.3856430714178, 
27.9077988555915, 30.3635290252524, 19.2693050006963, 32.2948368382869, 
41.8757682128179, 33.6018108428802, 38.3709283880273, 30.9311384927987, 
23.8795895722007, 41.0715602587942, 29.3001157166261, 36.9711467748027, 
26.3747636772328, 26.3031322335175, 30.4911907445842, 30.2186216378029, 
33.2111345290668, 39.3541182255991, 32.3270336447079, 27.8696644258962, 
29.8410598872967, 28.7318485312198, 31.8275677647698, 30.740515330431, 
29.9607996507135, 33.4114070034854, 32.682995021217, 23.3362660305223, 
36.2412531088879, 35.1786622639226, 27.2507241444764, 24.149379670732, 
38.7887209602016, 26.0357864204838, 20.3539130069107, 34.2581083966244, 
33.310076193079, 30.4190974318397, 31.8248023193663, 28.841420959177, 
19.7396888394888, 41.5965892303525, 25.2268848351789, 26.5886748099465, 
29.9191319147366, 26.380654297359, 25.1954196353028, 24.4705778504534, 
31.0346156539912, 37.223871049066), .Dim = c(100L, 3L)),