list(MSE_matrix = structure(c(12.9249651343826, 18.003864485948, 
17.915481449572, 22.1756794648435, 21.5811732503912, 21.2049557900723, 
21.7529833762944, 23.2453143412154, 24.337641372272, 13.6116269928461, 
17.3332216223997, 20.3350431777964, 21.8696246194748, 16.1088912761116, 
20.2987409936507, 18.1215302462373, 19.3401790483544, 15.6009820523899, 
18.6061510103492, 19.7003778431242, 24.9913569312224, 22.5500059654606, 
8.01565549553007, 22.8283841561564, 21.9018081117203, 23.1477937883847, 
23.3697692712695, 22.4300714853913, 10.3001412495944, 22.3153922666826, 
24.5367460511988, 22.0581001631971, 20.6363359647733, 18.0202456607122, 
15.3980257305902, 10.588851897182, 17.2572038447102, 16.5528231027553, 
17.7745751168631, 20.6956260825918, 16.867306270746, 25.5478181027898, 
23.6663316823363, 16.5339517917638, 15.0173594012548, 11.7772985829251, 
18.5184869160646, 21.3868412963233, 15.7859654495329, 21.0625088140835, 
20.0950268368334, 23.0810928442048, 23.0039998065873, 20.6817014449805, 
24.1322129066663, 13.7419807639054, 18.5276778536938, 21.8883665814061, 
17.3138350042788, 10.3552997130665, 26.3731494314789, 25.1436462191506, 
14.0060380426813, 18.4890976524763, 16.9405727120893, 21.2063254233212, 
10.1209214764172, 19.827857599358, 15.7880350547661, 13.1544961297769, 
10.9454298443222, 12.6383011729884, 16.5930099408918, 19.6106216576959, 
12.6890347682668, 16.9028354490643, 22.12173946933, 17.4452901665568, 
21.131567717206, 18.0033649074459, 18.5766310559337, 15.5306739514372, 
14.8512554360454, 21.5949222964026, 22.7170710218111, 16.6880063734789, 
19.9857366271657, 17.2173299198297, 18.1196352637104, 19.492085394204, 
15.2609390701322, 26.8578400277658, 20.31887978981, 14.4931458115198, 
22.1586650728281, 16.3046982364451, 20.4516240042078, 22.538606745259, 
20.1462541408913, 24.4320111492215, 15.7400056794938, 17.2109144360776, 
22.7226286401612, 24.6288094670447, 23.7210111277517, 24.1070891285158, 
23.1283258202284, 26.0840454074032, 24.469622671147, 16.3166725710953, 
20.5444689573915, 24.9693054198764, 22.0575934087894, 16.7280407878644, 
19.4705543713202, 20.8136213677021, 19.245179907591, 17.7269049638865, 
20.7778529203737, 21.5161534893241, 22.9421677949965, 24.039945424073, 
12.9574480232561, 26.7854366874039, 22.4547394406858, 20.8067658755273, 
26.4167914522251, 22.9596421100696, 13.8986495063596, 24.1579946758853, 
22.6948725893949, 26.2972729822753, 23.3235061033628, 21.0688800704776, 
20.0513632690291, 13.8856086176545, 19.2949820789299, 16.6176511722906, 
21.0841842593426, 23.9065200125435, 18.2171267968904, 22.9314138077542, 
27.4998402527633, 20.1853184714529, 21.3020033535574, 13.2523493623746, 
22.3710532532262, 20.6339193672248, 16.8055151621975, 23.8724602535285, 
23.0657473033619, 23.0518694107497, 22.7454052899687, 23.0213397215032, 
26.7840747274018, 17.7018574625577, 20.6591770688534, 24.8704002593065, 
20.4031806072407, 15.3611395407789, 27.7106144741727, 29.9583319910644, 
18.0305225327611, 20.3897932619174, 18.456275518902, 24.2547259610664, 
15.9798858828329, 21.5342555459992, 20.254622793435, 15.0005291505097, 
14.8742359861393, 16.0300573004325, 20.1363814203023, 22.9773496980701, 
17.8332441309548, 21.2974540417953, 22.5039219397953, 18.9915624956553, 
22.7976601566098, 20.240997515894, 22.6537746414288, 18.6540524566308, 
18.1300864137832, 22.5797333924122, 25.7869794355823, 18.762995235176, 
22.9405272751376, 20.4018016230599, 20.9702492852448, 20.3847881701992, 
20.2972429145626, 28.2642042586787, 22.4544162874981, 15.6300051367115, 
23.8546638324327, 18.5967793700513, 22.1908985014697, 24.7741906720096, 
24.182847431775, 27.5522470953782, 18.2832675759946, 19.2220187216371, 
25.7238799882284, 26.3351136015287, 25.5850119152899, 26.0964940802702, 
25.2268769381506, 27.557212068898, 26.5238389714474, 18.0325092930153, 
23.1371278467387, 27.4495685988223, 23.347927599399, 18.5733330746144, 
21.4720009903446, 23.2445313115853, 20.5327884536602, 19.8955810850938, 
22.1168997693276, 23.5657549278817, 22.8475045003003, 25.6155479573337, 
15.8499367911009, 29.2637954860968, 24.2671692364597, 22.530039556989, 
27.5878879809987, 24.9598981720502, 15.5940682134191, 25.0891984344168, 
23.4314732318618, 28.5114687468506, 25.2238066122605, 23.3693528358746, 
22.597953788277, 16.1546308152075, 22.0170461653159, 18.2053289386488, 
22.8892985221033, 25.2722505378272, 20.6948970924623, 24.3288589601386, 
29.3152477782082, 22.0280867085787, 23.9487542608768, 16.1116267482154, 
24.9500508117047, 21.6487436077818, 19.9170296379891, 25.5354865446249, 
24.7207106245191, 24.3388957418319, 24.7108586017414, 24.8733738343421, 
28.5453111795803, 20.0042300845283, 21.7208708766984, 26.3252002784765, 
22.8807830838441, 17.6577864682752, 29.2766015719482, 32.1174823282377, 
20.2454345181324, 22.2541412450533, 19.8629710400291, 26.0980339854628, 
19.2023455804554, 23.1621384240818, 21.9440251524156, 17.5109044405767, 
16.5868417341952, 18.1567549525148, 22.0807519651442, 25.120686733368, 
20.5499890838588, 23.8893627684685, 23.7646496474972, 20.4345002761345, 
24.42144778856, 22.905911468665, 24.4326998451866, 20.7121298398288, 
19.5258538227062, 23.6067917990461, 27.6934382433024, 20.0265764045607, 
24.5246684412082, 22.3399182150989, 23.3242296879629, 22.8180990464523, 
22.2402726184192, 29.9724050327461, 24.0795681743214, 16.8812897134531, 
25.3873527244884, 20.6440428297242, 23.573647991814, 25.6242951254132, 
26.6463706682183, 29.278435211835), dim = c(100L, 3L)),